1.000,60.000,9.885
2.000,120.000,9.394
3.000,180.000,9.492
4.000,240.000,9.746
5.000,300.000,9.935
6.000,360.000,9.680
7.000,420.000,9.384
8.000,480.000,9.552
9.000,540.000,9.494
10.000,600.000,9.452
11.000,660.000,9.393
12.000,720.000,9.008
13.000,780.000,9.864
14.000,840.000,9.924
15.000,900.000,9.462
16.000,960.000,9.955
17.000,1020.000,9.717
18.000,1080.000,9.986
19.000,1140.000,9.195
20.000,1200.000,9.513
21.000,1260.000,9.366
22.000,1320.000,9.066
23.000,1380.000,9.491
24.000,1440.000,9.876
25.000,1500.000,9.354
26.000,1560.000,9.188
27.000,1620.000,9.448
28.000,1680.000,9.231
29.000,1740.000,9.212
30.000,1800.000,9.062
31.000,1860.000,9.160
32.000,1920.000,9.424
33.000,1980.000,9.005
34.000,2040.000,9.772
35.000,2100.000,9.248
36.000,2160.000,9.571
37.000,2220.000,9.355
38.000,2280.000,9.874
39.000,2340.000,9.514
40.000,2400.000,9.116
41.000,2460.000,9.731
42.000,2520.000,9.242
43.000,2580.000,9.845
44.000,2640.000,9.915
45.000,2700.000,9.971
46.000,2760.000,9.453
47.000,2820.000,9.251
48.000,2880.000,9.086
49.000,2940.000,9.435
50.000,3000.000,9.047
51.000,3060.000,9.532
52.000,3120.000,9.214
53.000,3180.000,9.510
54.000,3240.000,9.395
55.000,3300.000,9.191
56.000,3360.000,9.015
57.000,3420.000,9.932
58.000,3480.000,9.785
59.000,3540.000,9.777
60.000,3600.000,9.461
61.000,3660.000,9.117
62.000,3720.000,9.072
63.000,3780.000,9.499
64.000,3840.000,9.639
65.000,3900.000,9.405
66.000,3960.000,9.482
67.000,4020.000,9.963
68.000,4080.000,9.966
69.000,4140.000,9.203
70.000,4200.000,9.971
71.000,4260.000,9.977
72.000,4320.000,9.131
73.000,4380.000,9.485
74.000,4440.000,9.629
75.000,4500.000,9.298
76.000,4560.000,9.372
77.000,4620.000,9.307
78.000,4680.000,9.938
79.000,4740.000,9.068
80.000,4800.000,9.067
81.000,4860.000,9.711
82.000,4920.000,9.287
83.000,4980.000,9.040
84.000,5040.000,9.105
85.000,5100.000,9.881
86.000,5160.000,9.528
87.000,5220.000,9.495
88.000,5280.000,9.003
89.000,5340.000,9.176
90.000,5400.000,9.049
91.000,5460.000,9.414
92.000,5520.000,9.319
93.000,5580.000,9.032
94.000,5640.000,9.347
95.000,5700.000,9.694
96.000,5760.000,9.777
97.000,5820.000,9.390
98.000,5880.000,9.304
99.000,5940.000,9.913
100.000,6000.000,9.121
101.000,6060.000,9.770
102.000,6120.000,9.176
103.000,6180.000,9.821
104.000,6240.000,9.043
105.000,6300.000,9.551
106.000,6360.000,9.271
107.000,6420.000,9.056
108.000,6480.000,9.754
109.000,6540.000,9.159
110.000,6600.000,9.289
111.000,6660.000,9.413
112.000,6720.000,9.057
113.000,6780.000,9.650
114.000,6840.000,9.141
115.000,6900.000,9.916
116.000,6960.000,9.027
117.000,7020.000,9.208
118.000,7080.000,9.411
119.000,7140.000,9.999
120.000,7200.000,9.375
121.000,7260.000,9.695
122.000,7320.000,9.077
123.000,7380.000,9.072
124.000,7440.000,9.196
125.000,7500.000,9.231
126.000,7560.000,9.968
127.000,7620.000,9.911
128.000,7680.000,9.395
129.000,7740.000,9.325
130.000,7800.000,9.913
131.000,7860.000,9.127
132.000,7920.000,9.151
133.000,7980.000,9.356
134.000,8040.000,9.915
135.000,8100.000,9.317
136.000,8160.000,9.762
137.000,8220.000,9.488
138.000,8280.000,9.242
139.000,8340.000,9.593
140.000,8400.000,9.157
141.000,8460.000,9.845
142.000,8520.000,9.911
143.000,8580.000,9.219
144.000,8640.000,9.020
145.000,8700.000,9.560
146.000,8760.000,9.028
147.000,8820.000,9.196
148.000,8880.000,9.183
149.000,8940.000,9.198
150.000,9000.000,9.734
151.000,9060.000,9.443
152.000,9120.000,9.481
153.000,9180.000,9.018
154.000,9240.000,9.078
155.000,9300.000,9.489
156.000,9360.000,9.110
157.000,9420.000,9.905
158.000,9480.000,9.211
159.000,9540.000,9.371
160.000,9600.000,9.201
161.000,9660.000,9.990
162.000,9720.000,9.686
163.000,9780.000,9.541
164.000,9840.000,9.612
165.000,9900.000,9.695
166.000,9960.000,9.185
167.000,10020.000,9.715
168.000,10080.000,9.381
169.000,10140.000,9.479
170.000,10200.000,9.626
171.000,10260.000,9.263
172.000,10320.000,9.345
173.000,10380.000,9.907
174.000,10440.000,9.385
175.000,10500.000,9.864
176.000,10560.000,9.032
177.000,10620.000,9.765
178.000,10680.000,9.071
179.000,10740.000,9.612
180.000,10800.000,9.436
181.000,10860.000,9.181
182.000,10920.000,9.760
183.000,10980.000,9.814
184.000,11040.000,9.812
185.000,11100.000,9.867
186.000,11160.000,9.247
187.000,11220.000,9.680
188.000,11280.000,9.677
189.000,11340.000,9.568
190.000,11400.000,9.555
191.000,11460.000,9.171
192.000,11520.000,9.259
193.000,11580.000,9.433
194.000,11640.000,9.139
195.000,11700.000,9.337
196.000,11760.000,9.887
197.000,11820.000,9.040
198.000,11880.000,9.348
199.000,11940.000,9.479
200.000,12000.000,9.712
201.000,12060.000,9.971
202.000,12120.000,9.859
203.000,12180.000,9.090
204.000,12240.000,9.193
205.000,12300.000,9.651
206.000,12360.000,9.649
207.000,12420.000,9.223
208.000,12480.000,9.404
209.000,12540.000,9.013
210.000,12600.000,9.216
211.000,12660.000,9.061
212.000,12720.000,9.274
213.000,12780.000,9.418
214.000,12840.000,9.833
215.000,12900.000,9.536
216.000,12960.000,9.911
217.000,13020.000,9.551
218.000,13080.000,9.295
219.000,13140.000,9.049
220.000,13200.000,9.035
221.000,13260.000,9.443
222.000,13320.000,9.280
223.000,13380.000,9.772
224.000,13440.000,9.009
225.000,13500.000,9.935
226.000,13560.000,9.394
227.000,13620.000,9.874
228.000,13680.000,9.122
229.000,13740.000,9.232
230.000,13800.000,9.678
231.000,13860.000,9.862
232.000,13920.000,9.208
233.000,13980.000,9.817
234.000,14040.000,9.061
235.000,14100.000,9.605
236.000,14160.000,9.268
237.000,14220.000,9.614
238.000,14280.000,9.768
239.000,14340.000,9.325
240.000,14400.000,9.618
241.000,14460.000,9.944
242.000,14520.000,9.485
243.000,14580.000,9.877
244.000,14640.000,9.127
245.000,14700.000,9.973
246.000,14760.000,9.891
247.000,14820.000,9.536
248.000,14880.000,9.047
249.000,14940.000,9.249
250.000,15000.000,9.280
251.000,15060.000,9.323
252.000,15120.000,9.181
253.000,15180.000,9.560
254.000,15240.000,9.030
255.000,15300.000,9.389
256.000,15360.000,9.550
257.000,15420.000,9.672
258.000,15480.000,9.976
259.000,15540.000,9.670
260.000,15600.000,9.465
261.000,15660.000,9.136
262.000,15720.000,9.021
263.000,15780.000,9.555
264.000,15840.000,9.474
265.000,15900.000,9.411
266.000,15960.000,9.753
267.000,16020.000,9.428
268.000,16080.000,9.153
269.000,16140.000,9.354
270.000,16200.000,9.713
271.000,16260.000,9.193
272.000,16320.000,9.640
273.000,16380.000,9.405
274.000,16440.000,9.828
275.000,16500.000,9.708
276.000,16560.000,9.958
277.000,16620.000,9.933
278.000,16680.000,9.519
279.000,16740.000,9.862
280.000,16800.000,9.992
281.000,16860.000,9.831
282.000,16920.000,9.036
283.000,16980.000,9.527
284.000,17040.000,9.926
285.000,17100.000,9.638
286.000,17160.000,9.396
287.000,17220.000,9.378
288.000,17280.000,9.717
289.000,17340.000,9.386
290.000,17400.000,9.497
291.000,17460.000,9.539
292.000,17520.000,9.144
293.000,17580.000,9.230
294.000,17640.000,9.412
295.000,17700.000,9.215
296.000,17760.000,9.637
297.000,17820.000,9.519
298.000,17880.000,9.085
299.000,17940.000,9.546
300.000,18000.000,9.292
301.000,18060.000,9.211
302.000,18120.000,9.920
303.000,18180.000,9.545
304.000,18240.000,9.518
305.000,18300.000,9.473
306.000,18360.000,9.978
307.000,18420.000,9.242
308.000,18480.000,9.527
309.000,18540.000,9.094
310.000,18600.000,9.151
311.000,18660.000,9.291
312.000,18720.000,9.236
313.000,18780.000,9.351
314.000,18840.000,9.505
315.000,18900.000,9.406
316.000,18960.000,9.767
317.000,19020.000,9.242
318.000,19080.000,9.174
319.000,19140.000,9.565
320.000,19200.000,9.891
321.000,19260.000,9.575
322.000,19320.000,9.556
323.000,19380.000,9.878
324.000,19440.000,9.632
325.000,19500.000,9.719
326.000,19560.000,9.301
327.000,19620.000,9.721
328.000,19680.000,9.163
329.000,19740.000,9.056
330.000,19800.000,9.224
331.000,19860.000,9.185
332.000,19920.000,9.529
333.000,19980.000,9.078
334.000,20040.000,9.630
335.000,20100.000,9.857
336.000,20160.000,9.201
337.000,20220.000,9.401
338.000,20280.000,9.294
339.000,20340.000,9.707
340.000,20400.000,9.010
341.000,20460.000,9.187
342.000,20520.000,9.684
343.000,20580.000,9.981
344.000,20640.000,9.972
345.000,20700.000,9.174
346.000,20760.000,9.224
347.000,20820.000,9.277
348.000,20880.000,9.745
349.000,20940.000,9.079
350.000,21000.000,9.189
351.000,21060.000,9.775
352.000,21120.000,9.580
353.000,21180.000,9.694
354.000,21240.000,9.921
355.000,21300.000,9.977
356.000,21360.000,9.680
357.000,21420.000,9.363
358.000,21480.000,9.530
359.000,21540.000,9.247
360.000,21600.000,9.699
361.000,21660.000,9.119
362.000,21720.000,9.336
363.000,21780.000,9.406
364.000,21840.000,9.722
365.000,21900.000,9.657
366.000,21960.000,9.324
367.000,22020.000,9.148
368.000,22080.000,9.239
369.000,22140.000,9.610
370.000,22200.000,9.786
371.000,22260.000,9.526
372.000,22320.000,9.148
373.000,22380.000,9.584
374.000,22440.000,9.341
375.000,22500.000,9.818
376.000,22560.000,9.002
377.000,22620.000,9.407
378.000,22680.000,9.627
379.000,22740.000,9.833
380.000,22800.000,9.168
381.000,22860.000,9.971
382.000,22920.000,9.510
383.000,22980.000,9.534
384.000,23040.000,9.277
385.000,23100.000,9.604
386.000,23160.000,9.565
387.000,23220.000,9.984
388.000,23280.000,9.430
389.000,23340.000,9.883
390.000,23400.000,9.721
391.000,23460.000,9.800
392.000,23520.000,9.350
393.000,23580.000,9.376
394.000,23640.000,9.214
395.000,23700.000,9.050
396.000,23760.000,9.152
397.000,23820.000,9.647
398.000,23880.000,9.630
399.000,23940.000,9.504
400.000,24000.000,9.980
401.000,24060.000,9.744
402.000,24120.000,9.517
403.000,24180.000,9.729
404.000,24240.000,9.554
405.000,24300.000,9.633
406.000,24360.000,9.957
407.000,24420.000,9.913
408.000,24480.000,9.910
409.000,24540.000,9.007
410.000,24600.000,9.950
411.000,24660.000,9.957
412.000,24720.000,9.439
413.000,24780.000,9.868
414.000,24840.000,9.629
415.000,24900.000,9.723
416.000,24960.000,9.632
417.000,25020.000,9.582
418.000,25080.000,9.138
419.000,25140.000,9.583
420.000,25200.000,9.515
421.000,25260.000,9.400
422.000,25320.000,9.039
423.000,25380.000,9.272
424.000,25440.000,9.402
425.000,25500.000,9.890
426.000,25560.000,9.886
427.000,25620.000,9.229
428.000,25680.000,9.106
429.000,25740.000,9.980
430.000,25800.000,9.826
431.000,25860.000,9.929
432.000,25920.000,9.046
433.000,25980.000,9.507
434.000,26040.000,9.186
435.000,26100.000,9.406
436.000,26160.000,9.114
437.000,26220.000,9.744
438.000,26280.000,9.851
439.000,26340.000,9.186
440.000,26400.000,9.445
441.000,26460.000,9.766
442.000,26520.000,9.389
443.000,26580.000,9.577
444.000,26640.000,9.229
445.000,26700.000,9.284
446.000,26760.000,9.292
447.000,26820.000,9.565
448.000,26880.000,9.022
449.000,26940.000,9.283
450.000,27000.000,9.237
451.000,27060.000,9.483
452.000,27120.000,9.390
453.000,27180.000,9.078
454.000,27240.000,9.548
455.000,27300.000,9.248
456.000,27360.000,9.029
457.000,27420.000,9.402
458.000,27480.000,9.871
459.000,27540.000,9.773
460.000,27600.000,9.367
461.000,27660.000,9.863
462.000,27720.000,9.723
463.000,27780.000,9.680
464.000,27840.000,9.949
465.000,27900.000,9.086
466.000,27960.000,9.818
467.000,28020.000,9.759
468.000,28080.000,9.907
469.000,28140.000,9.645
470.000,28200.000,9.471
471.000,28260.000,9.336
472.000,28320.000,9.250
473.000,28380.000,9.024
474.000,28440.000,9.552
475.000,28500.000,9.248
476.000,28560.000,9.023
477.000,28620.000,9.730
478.000,28680.000,9.583
479.000,28740.000,9.607
480.000,28800.000,9.729
481.000,28860.000,9.461
482.000,28920.000,9.227
483.000,28980.000,9.740
484.000,29040.000,9.640
485.000,29100.000,9.554
486.000,29160.000,9.732
487.000,29220.000,9.318
488.000,29280.000,9.108
489.000,29340.000,9.003
490.000,29400.000,9.853
491.000,29460.000,9.067
492.000,29520.000,9.603
493.000,29580.000,9.907
494.000,29640.000,9.823
495.000,29700.000,9.767
496.000,29760.000,9.423
497.000,29820.000,9.198
498.000,29880.000,9.637
499.000,29940.000,9.985
500.000,30000.000,9.578
501.000,30060.000,9.287
502.000,30120.000,9.405
503.000,30180.000,9.832
504.000,30240.000,9.915
505.000,30300.000,9.464
506.000,30360.000,9.752
507.000,30420.000,9.330
508.000,30480.000,9.424
509.000,30540.000,9.025
510.000,30600.000,9.862
511.000,30660.000,9.699
512.000,30720.000,9.892
513.000,30780.000,9.553
514.000,30840.000,9.315
515.000,30900.000,9.408
516.000,30960.000,9.531
517.000,31020.000,9.236
518.000,31080.000,9.977
519.000,31140.000,9.068
520.000,31200.000,9.358
521.000,31260.000,9.915
522.000,31320.000,9.117
523.000,31380.000,9.343
524.000,31440.000,9.160
525.000,31500.000,9.127
526.000,31560.000,9.773
527.000,31620.000,9.923
528.000,31680.000,9.669
529.000,31740.000,9.925
530.000,31800.000,9.647
531.000,31860.000,9.929
532.000,31920.000,9.632
533.000,31980.000,9.861
534.000,32040.000,9.758
535.000,32100.000,9.837
536.000,32160.000,9.227
537.000,32220.000,9.000
538.000,32280.000,9.060
539.000,32340.000,9.291
540.000,32400.000,9.707
541.000,32460.000,9.384
542.000,32520.000,9.510
543.000,32580.000,9.817
544.000,32640.000,9.355
545.000,32700.000,9.943
546.000,32760.000,9.646
547.000,32820.000,9.091
548.000,32880.000,9.436
549.000,32940.000,9.625
550.000,33000.000,9.261
551.000,33060.000,9.031
552.000,33120.000,9.859
553.000,33180.000,9.156
554.000,33240.000,9.110
555.000,33300.000,9.137
556.000,33360.000,9.751
557.000,33420.000,9.409
558.000,33480.000,9.529
559.000,33540.000,9.961
560.000,33600.000,9.567
561.000,33660.000,9.560
562.000,33720.000,9.067
563.000,33780.000,9.418
564.000,33840.000,9.742
565.000,33900.000,9.352
566.000,33960.000,9.511
567.000,34020.000,9.263
568.000,34080.000,9.758
569.000,34140.000,9.728
570.000,34200.000,9.346
571.000,34260.000,9.344
572.000,34320.000,9.117
573.000,34380.000,9.134
574.000,34440.000,9.031
575.000,34500.000,9.923
576.000,34560.000,9.731
577.000,34620.000,9.496
578.000,34680.000,9.973
579.000,34740.000,9.876
580.000,34800.000,9.135
581.000,34860.000,9.711
582.000,34920.000,9.135
583.000,34980.000,9.914
584.000,35040.000,9.100
585.000,35100.000,9.743
586.000,35160.000,9.591
587.000,35220.000,9.828
588.000,35280.000,9.290
589.000,35340.000,9.766
590.000,35400.000,9.894
591.000,35460.000,9.093
592.000,35520.000,9.312
593.000,35580.000,9.239
594.000,35640.000,9.506
595.000,35700.000,9.225
596.000,35760.000,9.698
597.000,35820.000,9.048
598.000,35880.000,9.844
599.000,35940.000,9.904
600.000,36000.000,9.680
601.000,36060.000,9.008
602.000,36120.000,9.869
603.000,36180.000,9.098
604.000,36240.000,9.521
605.000,36300.000,9.312
606.000,36360.000,9.119
607.000,36420.000,9.362
608.000,36480.000,9.646
609.000,36540.000,9.816
610.000,36600.000,9.376
611.000,36660.000,9.695
612.000,36720.000,9.029
613.000,36780.000,9.575
614.000,36840.000,9.003
615.000,36900.000,9.539
616.000,36960.000,9.697
617.000,37020.000,9.937
618.000,37080.000,9.368
619.000,37140.000,9.789
620.000,37200.000,9.824
621.000,37260.000,9.443
622.000,37320.000,9.201
623.000,37380.000,9.455
624.000,37440.000,9.289
625.000,37500.000,9.022
626.000,37560.000,9.938
627.000,37620.000,9.746
628.000,37680.000,9.863
629.000,37740.000,9.324
630.000,37800.000,9.058
631.000,37860.000,9.039
632.000,37920.000,9.480
633.000,37980.000,9.833
634.000,38040.000,9.714
635.000,38100.000,9.111
636.000,38160.000,9.065
637.000,38220.000,9.340
638.000,38280.000,9.292
639.000,38340.000,9.013
640.000,38400.000,9.690
641.000,38460.000,9.376
642.000,38520.000,9.345
643.000,38580.000,9.694
644.000,38640.000,9.500
645.000,38700.000,9.648
646.000,38760.000,9.078
647.000,38820.000,9.197
648.000,38880.000,9.584
649.000,38940.000,9.263
650.000,39000.000,9.336
651.000,39060.000,9.003
652.000,39120.000,9.017
653.000,39180.000,9.638
654.000,39240.000,9.045
655.000,39300.000,9.760
656.000,39360.000,9.537
657.000,39420.000,9.279
658.000,39480.000,9.339
659.000,39540.000,9.356
660.000,39600.000,9.820
661.000,39660.000,9.916
662.000,39720.000,9.126
663.000,39780.000,9.586
664.000,39840.000,9.070
665.000,39900.000,9.886
666.000,39960.000,9.297
667.000,40020.000,9.058
668.000,40080.000,9.747
669.000,40140.000,9.222
670.000,40200.000,9.725
671.000,40260.000,9.807
672.000,40320.000,9.433
673.000,40380.000,9.547
674.000,40440.000,9.905
675.000,40500.000,9.983
676.000,40560.000,9.201
677.000,40620.000,9.402
678.000,40680.000,9.655
679.000,40740.000,9.748
680.000,40800.000,9.747
681.000,40860.000,9.652
682.000,40920.000,9.688
683.000,40980.000,9.925
684.000,41040.000,9.969
685.000,41100.000,9.516
686.000,41160.000,9.911
687.000,41220.000,9.888
688.000,41280.000,9.276
689.000,41340.000,9.166
690.000,41400.000,9.548
691.000,41460.000,9.870
692.000,41520.000,9.563
693.000,41580.000,9.495
694.000,41640.000,9.299
695.000,41700.000,9.404
696.000,41760.000,9.084
697.000,41820.000,9.384
698.000,41880.000,9.348
699.000,41940.000,9.904
700.000,42000.000,9.266
701.000,42060.000,9.937
702.000,42120.000,9.796
703.000,42180.000,9.399
704.000,42240.000,9.772
705.000,42300.000,9.995
706.000,42360.000,9.909
707.000,42420.000,9.437
708.000,42480.000,9.559
709.000,42540.000,9.284
710.000,42600.000,9.561
711.000,42660.000,9.013
712.000,42720.000,9.351
713.000,42780.000,9.180
714.000,42840.000,9.671
715.000,42900.000,9.398
716.000,42960.000,9.662
717.000,43020.000,9.869
718.000,43080.000,9.816
719.000,43140.000,9.572
720.000,43200.000,9.320
721.000,43260.000,9.497
722.000,43320.000,9.575
723.000,43380.000,9.656
724.000,43440.000,9.609
725.000,43500.000,9.223
726.000,43560.000,9.191
727.000,43620.000,9.828
728.000,43680.000,9.284
729.000,43740.000,9.682
730.000,43800.000,9.889
731.000,43860.000,9.511
732.000,43920.000,9.041
733.000,43980.000,9.011
734.000,44040.000,9.249
735.000,44100.000,9.788
736.000,44160.000,9.916
737.000,44220.000,9.318
738.000,44280.000,9.807
739.000,44340.000,9.267
740.000,44400.000,9.813
741.000,44460.000,9.399
742.000,44520.000,9.635
743.000,44580.000,9.334
744.000,44640.000,9.467
745.000,44700.000,9.340
746.000,44760.000,9.238
747.000,44820.000,9.754
748.000,44880.000,9.560
749.000,44940.000,9.516
750.000,45000.000,9.454
751.000,45060.000,9.807
752.000,45120.000,9.301
753.000,45180.000,9.010
754.000,45240.000,9.190
755.000,45300.000,9.668
756.000,45360.000,9.131
757.000,45420.000,9.140
758.000,45480.000,9.676
759.000,45540.000,9.304
760.000,45600.000,9.786
761.000,45660.000,9.136
762.000,45720.000,9.334
763.000,45780.000,9.668
764.000,45840.000,9.158
765.000,45900.000,9.714
766.000,45960.000,9.522
767.000,46020.000,9.185
768.000,46080.000,9.450
769.000,46140.000,9.879
770.000,46200.000,9.315
771.000,46260.000,9.504
772.000,46320.000,9.750
773.000,46380.000,9.243
774.000,46440.000,9.983
775.000,46500.000,9.799
776.000,46560.000,9.176
777.000,46620.000,9.191
778.000,46680.000,9.185
779.000,46740.000,9.756
780.000,46800.000,9.288
781.000,46860.000,9.466
782.000,46920.000,9.447
783.000,46980.000,9.109
784.000,47040.000,9.472
785.000,47100.000,9.434
786.000,47160.000,9.466
787.000,47220.000,9.119
788.000,47280.000,9.282
789.000,47340.000,9.128
790.000,47400.000,9.839
791.000,47460.000,9.884
792.000,47520.000,9.642
793.000,47580.000,9.379
794.000,47640.000,9.941
795.000,47700.000,9.186
796.000,47760.000,9.398
797.000,47820.000,9.590
798.000,47880.000,9.295
799.000,47940.000,9.951
800.000,48000.000,9.525
801.000,48060.000,9.815
802.000,48120.000,9.136
803.000,48180.000,9.882
804.000,48240.000,9.771
805.000,48300.000,9.433
806.000,48360.000,9.260
807.000,48420.000,9.146
808.000,48480.000,9.002
809.000,48540.000,9.264
810.000,48600.000,9.769
811.000,48660.000,9.311
812.000,48720.000,9.566
813.000,48780.000,9.364
814.000,48840.000,9.065
815.000,48900.000,9.584
816.000,48960.000,9.586
817.000,49020.000,9.289
818.000,49080.000,9.364
819.000,49140.000,9.397
820.000,49200.000,9.496
821.000,49260.000,9.172
822.000,49320.000,9.121
823.000,49380.000,9.720
824.000,49440.000,9.578
825.000,49500.000,9.272
826.000,49560.000,9.930
827.000,49620.000,9.665
828.000,49680.000,9.123
829.000,49740.000,9.678
830.000,49800.000,9.985
831.000,49860.000,9.114
832.000,49920.000,9.846
833.000,49980.000,9.473
834.000,50040.000,9.254
835.000,50100.000,9.101
836.000,50160.000,9.001
837.000,50220.000,9.831
838.000,50280.000,9.943
839.000,50340.000,9.634
840.000,50400.000,9.823
841.000,50460.000,9.043
842.000,50520.000,9.569
843.000,50580.000,9.445
844.000,50640.000,9.792
845.000,50700.000,9.476
846.000,50760.000,9.837
847.000,50820.000,9.642
848.000,50880.000,9.253
849.000,50940.000,9.773
850.000,51000.000,9.969
851.000,51060.000,9.213
852.000,51120.000,9.148
853.000,51180.000,9.428
854.000,51240.000,9.067
855.000,51300.000,9.981
856.000,51360.000,9.156
857.000,51420.000,9.613
858.000,51480.000,9.297
859.000,51540.000,9.471
860.000,51600.000,9.580
861.000,51660.000,9.788
862.000,51720.000,9.778
863.000,51780.000,9.641
864.000,51840.000,9.307
865.000,51900.000,9.790
866.000,51960.000,9.657
867.000,52020.000,9.049
868.000,52080.000,9.533
869.000,52140.000,9.528
870.000,52200.000,9.763
871.000,52260.000,9.829
872.000,52320.000,9.345
873.000,52380.000,9.309
874.000,52440.000,9.846
875.000,52500.000,9.291
876.000,52560.000,9.009
877.000,52620.000,9.781
878.000,52680.000,9.267
879.000,52740.000,9.716
880.000,52800.000,9.638
881.000,52860.000,9.948
882.000,52920.000,9.689
883.000,52980.000,9.403
884.000,53040.000,9.455
885.000,53100.000,9.763
886.000,53160.000,9.348
887.000,53220.000,9.354
888.000,53280.000,9.342
889.000,53340.000,9.227
890.000,53400.000,9.318
891.000,53460.000,9.280
892.000,53520.000,9.697
893.000,53580.000,9.413
894.000,53640.000,9.347
895.000,53700.000,9.212
896.000,53760.000,9.345
897.000,53820.000,9.160
898.000,53880.000,9.829
899.000,53940.000,9.783
900.000,54000.000,9.117
901.000,54060.000,9.951
902.000,54120.000,9.607
903.000,54180.000,9.735
904.000,54240.000,9.254
905.000,54300.000,9.097
906.000,54360.000,9.642
907.000,54420.000,9.289
908.000,54480.000,9.761
909.000,54540.000,9.398
910.000,54600.000,9.927
911.000,54660.000,9.045
912.000,54720.000,9.133
913.000,54780.000,9.377
914.000,54840.000,9.536
915.000,54900.000,9.959
916.000,54960.000,9.659
917.000,55020.000,9.024
918.000,55080.000,9.306
919.000,55140.000,9.951
920.000,55200.000,9.490
921.000,55260.000,9.996
922.000,55320.000,9.530
923.000,55380.000,9.311
924.000,55440.000,9.485
925.000,55500.000,9.006
926.000,55560.000,9.260
927.000,55620.000,9.836
928.000,55680.000,9.365
929.000,55740.000,9.709
930.000,55800.000,9.990
931.000,55860.000,9.357
932.000,55920.000,9.267
933.000,55980.000,9.106
934.000,56040.000,9.184
935.000,56100.000,9.019
936.000,56160.000,9.404
937.000,56220.000,9.280
938.000,56280.000,9.249
939.000,56340.000,9.492
940.000,56400.000,9.933
941.000,56460.000,9.922
942.000,56520.000,9.984
943.000,56580.000,9.223
944.000,56640.000,9.059
945.000,56700.000,9.424
946.000,56760.000,9.365
947.000,56820.000,9.640
948.000,56880.000,9.635
949.000,56940.000,9.360
950.000,57000.000,9.844
951.000,57060.000,9.918
952.000,57120.000,9.944
953.000,57180.000,9.196
954.000,57240.000,9.468
955.000,57300.000,9.025
956.000,57360.000,9.084
957.000,57420.000,9.696
958.000,57480.000,9.443
959.000,57540.000,9.656
960.000,57600.000,9.656
961.000,57660.000,9.745
962.000,57720.000,9.430
963.000,57780.000,9.571
964.000,57840.000,9.041
965.000,57900.000,9.573
966.000,57960.000,9.106
967.000,58020.000,9.359
968.000,58080.000,9.145
969.000,58140.000,9.810
970.000,58200.000,9.561
971.000,58260.000,9.269
972.000,58320.000,9.125
973.000,58380.000,9.107
974.000,58440.000,9.100
975.000,58500.000,9.050
976.000,58560.000,9.190
977.000,58620.000,9.425
978.000,58680.000,9.893
979.000,58740.000,9.528
980.000,58800.000,9.469
981.000,58860.000,9.926
982.000,58920.000,9.613
983.000,58980.000,9.345
984.000,59040.000,9.172
985.000,59100.000,9.547
986.000,59160.000,9.540
987.000,59220.000,9.015
988.000,59280.000,9.757
989.000,59340.000,9.947
990.000,59400.000,9.666
991.000,59460.000,9.067
992.000,59520.000,9.740
993.000,59580.000,9.637
994.000,59640.000,9.868
995.000,59700.000,9.193
996.000,59760.000,9.887
997.000,59820.000,9.853
998.000,59880.000,9.060
999.000,59940.000,9.087
1000.000,60000.000,9.780
1001.000,60060.000,9.368
1002.000,60120.000,9.307
1003.000,60180.000,9.703
1004.000,60240.000,9.688
1005.000,60300.000,9.697
1006.000,60360.000,9.556
1007.000,60420.000,9.556
1008.000,60480.000,9.824
1009.000,60540.000,9.119
1010.000,60600.000,9.488
1011.000,60660.000,9.883
1012.000,60720.000,9.636
1013.000,60780.000,9.600
1014.000,60840.000,9.791
1015.000,60900.000,9.144
1016.000,60960.000,9.722
1017.000,61020.000,9.964
1018.000,61080.000,9.123
1019.000,61140.000,9.983
1020.000,61200.000,9.461
1021.000,61260.000,9.599
1022.000,61320.000,9.004
1023.000,61380.000,9.612
1024.000,61440.000,9.271
1025.000,61500.000,9.302
1026.000,61560.000,9.921
1027.000,61620.000,9.430
1028.000,61680.000,9.620
1029.000,61740.000,9.409
1030.000,61800.000,9.436
1031.000,61860.000,9.273
1032.000,61920.000,9.873
1033.000,61980.000,9.949
1034.000,62040.000,9.480
1035.000,62100.000,9.313
1036.000,62160.000,9.782
1037.000,62220.000,9.609
1038.000,62280.000,9.339
1039.000,62340.000,9.092
1040.000,62400.000,9.497
1041.000,62460.000,9.575
1042.000,62520.000,9.242
1043.000,62580.000,9.394
1044.000,62640.000,9.910
1045.000,62700.000,9.245
1046.000,62760.000,9.060
1047.000,62820.000,9.517
1048.000,62880.000,9.813
1049.000,62940.000,9.577
1050.000,63000.000,9.431
1051.000,63060.000,9.862
1052.000,63120.000,9.106
1053.000,63180.000,9.470
1054.000,63240.000,9.262
1055.000,63300.000,9.781
1056.000,63360.000,9.441
1057.000,63420.000,9.597
1058.000,63480.000,9.790
1059.000,63540.000,9.412
1060.000,63600.000,9.700
1061.000,63660.000,9.026
1062.000,63720.000,9.686
1063.000,63780.000,9.078
1064.000,63840.000,9.488
1065.000,63900.000,9.170
1066.000,63960.000,9.169
1067.000,64020.000,9.684
1068.000,64080.000,9.325
1069.000,64140.000,9.564
1070.000,64200.000,9.587
1071.000,64260.000,9.803
1072.000,64320.000,9.098
1073.000,64380.000,9.733
1074.000,64440.000,9.613
1075.000,64500.000,9.733
1076.000,64560.000,9.882
1077.000,64620.000,9.423
1078.000,64680.000,9.041
1079.000,64740.000,9.026
1080.000,64800.000,9.136
1081.000,64860.000,9.494
1082.000,64920.000,9.459
1083.000,64980.000,9.231
1084.000,65040.000,9.134
1085.000,65100.000,9.209
1086.000,65160.000,9.145
1087.000,65220.000,9.687
1088.000,65280.000,9.570
1089.000,65340.000,9.637
1090.000,65400.000,9.622
1091.000,65460.000,9.428
1092.000,65520.000,9.145
1093.000,65580.000,9.867
1094.000,65640.000,9.006
1095.000,65700.000,9.464
1096.000,65760.000,9.399
1097.000,65820.000,9.040
1098.000,65880.000,9.734
1099.000,65940.000,9.674
1100.000,66000.000,9.005
1101.000,66060.000,9.910
1102.000,66120.000,9.069
1103.000,66180.000,9.954
1104.000,66240.000,9.952
1105.000,66300.000,9.586
1106.000,66360.000,9.368
1107.000,66420.000,9.732
1108.000,66480.000,9.659
1109.000,66540.000,9.738
1110.000,66600.000,9.526
1111.000,66660.000,9.414
1112.000,66720.000,9.874
1113.000,66780.000,9.910
1114.000,66840.000,9.537
1115.000,66900.000,9.348
1116.000,66960.000,9.817
1117.000,67020.000,9.611
1118.000,67080.000,9.681
1119.000,67140.000,9.242
1120.000,67200.000,9.943
1121.000,67260.000,9.282
1122.000,67320.000,9.858
1123.000,67380.000,9.973
1124.000,67440.000,9.437
1125.000,67500.000,9.177
1126.000,67560.000,9.216
1127.000,67620.000,9.289
1128.000,67680.000,9.354
1129.000,67740.000,9.748
1130.000,67800.000,9.090
1131.000,67860.000,9.198
1132.000,67920.000,9.831
1133.000,67980.000,9.289
1134.000,68040.000,9.416
1135.000,68100.000,9.751
1136.000,68160.000,9.628
1137.000,68220.000,9.467
1138.000,68280.000,9.879
1139.000,68340.000,9.804
1140.000,68400.000,9.971
1141.000,68460.000,9.512
1142.000,68520.000,9.985
1143.000,68580.000,9.661
1144.000,68640.000,9.303
1145.000,68700.000,9.736
1146.000,68760.000,9.519
1147.000,68820.000,9.453
1148.000,68880.000,9.190
1149.000,68940.000,9.799
1150.000,69000.000,9.987
1151.000,69060.000,9.621
1152.000,69120.000,9.478
1153.000,69180.000,9.874
1154.000,69240.000,9.846
1155.000,69300.000,9.572
1156.000,69360.000,9.161
1157.000,69420.000,9.110
1158.000,69480.000,9.500
1159.000,69540.000,9.737
1160.000,69600.000,9.505
1161.000,69660.000,9.084
1162.000,69720.000,9.121
1163.000,69780.000,9.419
1164.000,69840.000,9.067
1165.000,69900.000,9.869
1166.000,69960.000,9.816
1167.000,70020.000,9.878
1168.000,70080.000,9.522
1169.000,70140.000,9.418
1170.000,70200.000,9.599
1171.000,70260.000,9.657
1172.000,70320.000,9.245
1173.000,70380.000,9.302
1174.000,70440.000,9.101
1175.000,70500.000,9.199
1176.000,70560.000,9.470
1177.000,70620.000,9.692
1178.000,70680.000,9.774
1179.000,70740.000,9.018
1180.000,70800.000,9.059
1181.000,70860.000,9.365
1182.000,70920.000,9.656
1183.000,70980.000,9.910
1184.000,71040.000,9.745
1185.000,71100.000,9.508
1186.000,71160.000,9.194
1187.000,71220.000,9.777
1188.000,71280.000,9.934
1189.000,71340.000,9.231
1190.000,71400.000,9.823
1191.000,71460.000,9.208
1192.000,71520.000,9.695
1193.000,71580.000,9.157
1194.000,71640.000,9.199
1195.000,71700.000,9.905
1196.000,71760.000,9.867
1197.000,71820.000,9.299
1198.000,71880.000,9.987
1199.000,71940.000,9.002
1200.000,72000.000,9.294
1201.000,72060.000,9.986
1202.000,72120.000,9.249
1203.000,72180.000,9.250
1204.000,72240.000,9.620
1205.000,72300.000,9.156
1206.000,72360.000,9.272
1207.000,72420.000,9.435
1208.000,72480.000,9.976
1209.000,72540.000,9.351
1210.000,72600.000,9.179
1211.000,72660.000,9.977
1212.000,72720.000,9.127
1213.000,72780.000,9.670
1214.000,72840.000,9.873
1215.000,72900.000,9.459
1216.000,72960.000,9.876
1217.000,73020.000,9.296
1218.000,73080.000,9.049
1219.000,73140.000,9.563
1220.000,73200.000,9.312
1221.000,73260.000,9.791
1222.000,73320.000,9.878
1223.000,73380.000,9.072
1224.000,73440.000,9.099
1225.000,73500.000,9.826
1226.000,73560.000,9.791
1227.000,73620.000,9.742
1228.000,73680.000,9.386
1229.000,73740.000,9.563
1230.000,73800.000,9.482
1231.000,73860.000,9.155
1232.000,73920.000,9.180
1233.000,73980.000,9.261
1234.000,74040.000,9.495
1235.000,74100.000,9.378
1236.000,74160.000,9.312
1237.000,74220.000,9.935
1238.000,74280.000,9.216
1239.000,74340.000,9.071
1240.000,74400.000,9.271
1241.000,74460.000,9.852
1242.000,74520.000,9.052
1243.000,74580.000,9.154
1244.000,74640.000,9.334
1245.000,74700.000,9.554
1246.000,74760.000,9.674
1247.000,74820.000,9.091
1248.000,74880.000,9.583
1249.000,74940.000,9.488
1250.000,75000.000,9.351
1251.000,75060.000,9.059
1252.000,75120.000,9.777
1253.000,75180.000,9.551
1254.000,75240.000,9.515
1255.000,75300.000,9.892
1256.000,75360.000,9.636
1257.000,75420.000,9.136
1258.000,75480.000,9.426
1259.000,75540.000,9.237
1260.000,75600.000,9.377
1261.000,75660.000,9.861
1262.000,75720.000,9.341
1263.000,75780.000,9.931
1264.000,75840.000,9.141
1265.000,75900.000,9.803
1266.000,75960.000,9.942
1267.000,76020.000,9.669
1268.000,76080.000,9.097
1269.000,76140.000,9.641
1270.000,76200.000,9.167
1271.000,76260.000,9.807
1272.000,76320.000,9.395
1273.000,76380.000,9.222
1274.000,76440.000,9.662
1275.000,76500.000,9.349
1276.000,76560.000,9.447
1277.000,76620.000,9.811
1278.000,76680.000,9.262
1279.000,76740.000,9.895
1280.000,76800.000,9.134
1281.000,76860.000,9.740
1282.000,76920.000,9.239
1283.000,76980.000,9.643
1284.000,77040.000,9.957
1285.000,77100.000,9.552
1286.000,77160.000,9.755
1287.000,77220.000,9.092
1288.000,77280.000,9.613
1289.000,77340.000,9.520
1290.000,77400.000,9.721
1291.000,77460.000,9.419
1292.000,77520.000,9.146
1293.000,77580.000,9.164
1294.000,77640.000,9.904
1295.000,77700.000,9.821
1296.000,77760.000,9.022
1297.000,77820.000,9.921
1298.000,77880.000,9.041
1299.000,77940.000,9.544
1300.000,78000.000,9.294
1301.000,78060.000,9.050
1302.000,78120.000,9.051
1303.000,78180.000,9.867
1304.000,78240.000,9.452
1305.000,78300.000,9.935
1306.000,78360.000,9.459
1307.000,78420.000,9.967
1308.000,78480.000,9.214
1309.000,78540.000,9.983
1310.000,78600.000,9.701
1311.000,78660.000,9.669
1312.000,78720.000,9.255
1313.000,78780.000,9.541
1314.000,78840.000,9.376
1315.000,78900.000,9.144
1316.000,78960.000,9.297
1317.000,79020.000,9.039
1318.000,79080.000,9.917
1319.000,79140.000,9.095
1320.000,79200.000,9.935
1321.000,79260.000,9.358
1322.000,79320.000,9.213
1323.000,79380.000,9.617
1324.000,79440.000,9.839
1325.000,79500.000,9.379
1326.000,79560.000,9.826
1327.000,79620.000,9.536
1328.000,79680.000,9.632
1329.000,79740.000,9.825
1330.000,79800.000,9.210
1331.000,79860.000,9.557
1332.000,79920.000,9.682
1333.000,79980.000,9.836
1334.000,80040.000,9.259
1335.000,80100.000,9.477
1336.000,80160.000,9.059
1337.000,80220.000,9.950
1338.000,80280.000,9.528
1339.000,80340.000,9.920
1340.000,80400.000,9.223
1341.000,80460.000,9.560
1342.000,80520.000,9.876
1343.000,80580.000,9.058
1344.000,80640.000,9.984
1345.000,80700.000,9.909
1346.000,80760.000,9.242
1347.000,80820.000,9.270
1348.000,80880.000,9.183
1349.000,80940.000,9.804
1350.000,81000.000,9.893
1351.000,81060.000,9.229
1352.000,81120.000,9.184
1353.000,81180.000,9.688
1354.000,81240.000,9.018
1355.000,81300.000,9.111
1356.000,81360.000,9.906
1357.000,81420.000,9.460
1358.000,81480.000,9.450
1359.000,81540.000,9.092
1360.000,81600.000,9.164
1361.000,81660.000,9.917
1362.000,81720.000,9.303
1363.000,81780.000,9.569
1364.000,81840.000,9.251
1365.000,81900.000,9.631
1366.000,81960.000,9.862
1367.000,82020.000,9.319
1368.000,82080.000,9.796
1369.000,82140.000,9.702
1370.000,82200.000,9.447
1371.000,82260.000,9.025
1372.000,82320.000,9.054
1373.000,82380.000,9.129
1374.000,82440.000,9.160
1375.000,82500.000,9.886
1376.000,82560.000,9.273
1377.000,82620.000,9.104
1378.000,82680.000,9.361
1379.000,82740.000,9.279
1380.000,82800.000,9.643
1381.000,82860.000,9.575
1382.000,82920.000,9.206
1383.000,82980.000,9.423
1384.000,83040.000,9.654
1385.000,83100.000,9.456
1386.000,83160.000,9.394
1387.000,83220.000,9.365
1388.000,83280.000,9.525
1389.000,83340.000,9.552
1390.000,83400.000,9.843
1391.000,83460.000,9.921
1392.000,83520.000,9.444
1393.000,83580.000,9.946
1394.000,83640.000,9.976
1395.000,83700.000,9.749
1396.000,83760.000,9.903
1397.000,83820.000,9.116
1398.000,83880.000,9.604
1399.000,83940.000,9.667
1400.000,84000.000,9.552
1401.000,84060.000,9.556
1402.000,84120.000,9.452
1403.000,84180.000,9.621
1404.000,84240.000,9.277
1405.000,84300.000,9.228
1406.000,84360.000,9.493
1407.000,84420.000,9.775
1408.000,84480.000,9.191
1409.000,84540.000,9.643
1410.000,84600.000,9.773
1411.000,84660.000,9.908
1412.000,84720.000,9.046
1413.000,84780.000,9.506
1414.000,84840.000,9.123
1415.000,84900.000,9.656
1416.000,84960.000,9.376
1417.000,85020.000,9.577
1418.000,85080.000,9.310
1419.000,85140.000,9.759
1420.000,85200.000,9.585
1421.000,85260.000,9.165
1422.000,85320.000,9.665
1423.000,85380.000,9.377
1424.000,85440.000,9.872
1425.000,85500.000,9.754
1426.000,85560.000,9.015
1427.000,85620.000,9.612
1428.000,85680.000,9.036
1429.000,85740.000,9.932
1430.000,85800.000,9.978
1431.000,85860.000,9.977
1432.000,85920.000,9.496
1433.000,85980.000,9.014
1434.000,86040.000,9.261
1435.000,86100.000,9.022
1436.000,86160.000,9.629
1437.000,86220.000,9.306
1438.000,86280.000,9.880
1439.000,86340.000,9.576
1440.000,86400.000,9.975
1441.000,86460.000,9.274
1442.000,86520.000,9.125
1443.000,86580.000,9.140
1444.000,86640.000,9.696
1445.000,86700.000,9.283
1446.000,86760.000,9.037
1447.000,86820.000,9.688
1448.000,86880.000,9.318
1449.000,86940.000,9.970
1450.000,87000.000,9.062
1451.000,87060.000,9.758
1452.000,87120.000,9.546
1453.000,87180.000,9.283
1454.000,87240.000,9.848
1455.000,87300.000,9.810
1456.000,87360.000,9.097
1457.000,87420.000,9.469
1458.000,87480.000,9.213
1459.000,87540.000,9.692
1460.000,87600.000,9.684
1461.000,87660.000,9.615
1462.000,87720.000,9.970
1463.000,87780.000,9.326
1464.000,87840.000,9.633
1465.000,87900.000,9.457
1466.000,87960.000,9.684
1467.000,88020.000,9.557
1468.000,88080.000,9.598
1469.000,88140.000,9.265
1470.000,88200.000,9.437
1471.000,88260.000,9.968
1472.000,88320.000,9.898
1473.000,88380.000,9.095
1474.000,88440.000,9.978
1475.000,88500.000,9.469
1476.000,88560.000,9.870
1477.000,88620.000,9.373
1478.000,88680.000,9.765
1479.000,88740.000,9.031
1480.000,88800.000,9.861
1481.000,88860.000,9.224
1482.000,88920.000,9.759
1483.000,88980.000,9.324
1484.000,89040.000,9.573
1485.000,89100.000,9.016
1486.000,89160.000,9.499
1487.000,89220.000,9.413
1488.000,89280.000,9.741
1489.000,89340.000,9.122
1490.000,89400.000,9.944
1491.000,89460.000,9.637
1492.000,89520.000,9.137
1493.000,89580.000,9.831
1494.000,89640.000,9.561
1495.000,89700.000,9.050
1496.000,89760.000,9.158
1497.000,89820.000,9.847
1498.000,89880.000,9.343
1499.000,89940.000,9.500
1500.000,90000.000,9.161
1501.000,90060.000,9.456
1502.000,90120.000,9.613
1503.000,90180.000,9.458
1504.000,90240.000,9.809
1505.000,90300.000,9.149
1506.000,90360.000,9.808
1507.000,90420.000,9.718
1508.000,90480.000,9.047
1509.000,90540.000,9.204
1510.000,90600.000,9.448
1511.000,90660.000,9.076
1512.000,90720.000,9.817
1513.000,90780.000,9.409
1514.000,90840.000,9.034
1515.000,90900.000,9.107
1516.000,90960.000,9.451
1517.000,91020.000,9.622
1518.000,91080.000,9.625
1519.000,91140.000,9.474
1520.000,91200.000,9.660
1521.000,91260.000,9.602
1522.000,91320.000,9.769
1523.000,91380.000,9.703
1524.000,91440.000,9.505
1525.000,91500.000,9.501
1526.000,91560.000,9.784
1527.000,91620.000,9.155
1528.000,91680.000,9.656
1529.000,91740.000,9.956
1530.000,91800.000,9.940
1531.000,91860.000,9.800
1532.000,91920.000,9.919
1533.000,91980.000,9.053
1534.000,92040.000,9.154
1535.000,92100.000,9.134
1536.000,92160.000,9.907
1537.000,92220.000,9.686
1538.000,92280.000,9.810
1539.000,92340.000,9.115
1540.000,92400.000,9.637
1541.000,92460.000,9.079
1542.000,92520.000,9.769
1543.000,92580.000,9.367
1544.000,92640.000,9.068
1545.000,92700.000,9.215
1546.000,92760.000,9.656
1547.000,92820.000,9.759
1548.000,92880.000,9.865
1549.000,92940.000,9.376
1550.000,93000.000,9.542
1551.000,93060.000,9.769
1552.000,93120.000,9.950
1553.000,93180.000,9.016
1554.000,93240.000,9.195
1555.000,93300.000,9.881
1556.000,93360.000,9.985
1557.000,93420.000,9.217
1558.000,93480.000,9.704
1559.000,93540.000,9.240
1560.000,93600.000,9.555
1561.000,93660.000,9.925
1562.000,93720.000,9.070
1563.000,93780.000,9.263
1564.000,93840.000,9.451
1565.000,93900.000,9.720
1566.000,93960.000,9.061
1567.000,94020.000,9.231
1568.000,94080.000,9.223
1569.000,94140.000,9.047
1570.000,94200.000,9.913
1571.000,94260.000,9.639
1572.000,94320.000,9.108
1573.000,94380.000,9.076
1574.000,94440.000,9.577
1575.000,94500.000,9.179
1576.000,94560.000,9.079
1577.000,94620.000,9.076
1578.000,94680.000,9.737
1579.000,94740.000,9.977
1580.000,94800.000,9.703
1581.000,94860.000,9.998
1582.000,94920.000,9.798
1583.000,94980.000,9.532
1584.000,95040.000,9.046
1585.000,95100.000,9.527
1586.000,95160.000,9.550
1587.000,95220.000,9.086
1588.000,95280.000,9.431
1589.000,95340.000,9.575
1590.000,95400.000,9.903
1591.000,95460.000,9.626
1592.000,95520.000,9.281
1593.000,95580.000,9.514
1594.000,95640.000,9.127
1595.000,95700.000,9.009
1596.000,95760.000,9.118
1597.000,95820.000,9.821
1598.000,95880.000,9.344
1599.000,95940.000,9.665
1600.000,96000.000,9.594
1601.000,96060.000,9.461
1602.000,96120.000,9.560
1603.000,96180.000,9.011
1604.000,96240.000,9.834
1605.000,96300.000,9.013
1606.000,96360.000,9.922
1607.000,96420.000,9.702
1608.000,96480.000,9.699
1609.000,96540.000,9.914
1610.000,96600.000,9.991
1611.000,96660.000,9.528
1612.000,96720.000,9.717
1613.000,96780.000,9.257
1614.000,96840.000,9.440
1615.000,96900.000,9.052
1616.000,96960.000,9.779
1617.000,97020.000,9.778
1618.000,97080.000,9.438
1619.000,97140.000,9.997
1620.000,97200.000,9.610
1621.000,97260.000,9.553
1622.000,97320.000,9.804
1623.000,97380.000,9.538
1624.000,97440.000,9.635
1625.000,97500.000,9.429
1626.000,97560.000,9.343
1627.000,97620.000,9.740
1628.000,97680.000,9.771
1629.000,97740.000,9.861
1630.000,97800.000,9.348
1631.000,97860.000,9.690
1632.000,97920.000,9.319
1633.000,97980.000,9.166
1634.000,98040.000,9.802
1635.000,98100.000,9.588
1636.000,98160.000,9.450
1637.000,98220.000,9.852
1638.000,98280.000,9.493
1639.000,98340.000,9.514
1640.000,98400.000,9.582
1641.000,98460.000,9.051
1642.000,98520.000,9.125
1643.000,98580.000,9.157
1644.000,98640.000,9.276
1645.000,98700.000,9.339
1646.000,98760.000,9.736
1647.000,98820.000,9.478
1648.000,98880.000,9.616
1649.000,98940.000,9.841
1650.000,99000.000,9.403
1651.000,99060.000,9.031
1652.000,99120.000,9.936
1653.000,99180.000,9.558
1654.000,99240.000,9.966
1655.000,99300.000,9.698
1656.000,99360.000,9.314
1657.000,99420.000,9.720
1658.000,99480.000,9.215
1659.000,99540.000,9.509
1660.000,99600.000,9.842
1661.000,99660.000,9.203
1662.000,99720.000,9.455
1663.000,99780.000,9.155
1664.000,99840.000,9.083
1665.000,99900.000,9.953
1666.000,99960.000,9.259
1667.000,100020.000,9.305
1668.000,100080.000,9.205
1669.000,100140.000,9.742
1670.000,100200.000,9.429
1671.000,100260.000,9.900
1672.000,100320.000,9.061
1673.000,100380.000,9.434
1674.000,100440.000,9.053
1675.000,100500.000,9.311
1676.000,100560.000,9.532
1677.000,100620.000,9.011
1678.000,100680.000,9.803
1679.000,100740.000,9.287
1680.000,100800.000,9.967
1681.000,100860.000,9.931
1682.000,100920.000,9.889
1683.000,100980.000,9.045
1684.000,101040.000,9.834
1685.000,101100.000,9.498
1686.000,101160.000,9.403
1687.000,101220.000,9.723
1688.000,101280.000,9.279
1689.000,101340.000,9.757
1690.000,101400.000,9.425
1691.000,101460.000,9.111
1692.000,101520.000,9.297
1693.000,101580.000,9.748
1694.000,101640.000,9.307
1695.000,101700.000,9.089
1696.000,101760.000,9.263
1697.000,101820.000,9.105
1698.000,101880.000,9.280
1699.000,101940.000,9.726
1700.000,102000.000,9.916
1701.000,102060.000,9.049
1702.000,102120.000,9.096
1703.000,102180.000,9.502
1704.000,102240.000,9.947
1705.000,102300.000,9.091
1706.000,102360.000,9.558
1707.000,102420.000,9.920
1708.000,102480.000,9.841
1709.000,102540.000,9.163
1710.000,102600.000,9.433
1711.000,102660.000,9.346
1712.000,102720.000,9.355
1713.000,102780.000,9.684
1714.000,102840.000,9.645
1715.000,102900.000,9.610
1716.000,102960.000,9.778
1717.000,103020.000,9.934
1718.000,103080.000,9.779
1719.000,103140.000,9.812
1720.000,103200.000,9.761
1721.000,103260.000,9.390
1722.000,103320.000,9.741
1723.000,103380.000,9.617
1724.000,103440.000,9.350
1725.000,103500.000,9.598
1726.000,103560.000,9.259
1727.000,103620.000,9.548
1728.000,103680.000,9.684
1729.000,103740.000,9.246
1730.000,103800.000,9.506
1731.000,103860.000,9.615
1732.000,103920.000,9.409
1733.000,103980.000,9.357
1734.000,104040.000,9.735
1735.000,104100.000,9.417
1736.000,104160.000,9.955
1737.000,104220.000,9.696
1738.000,104280.000,9.013
1739.000,104340.000,9.158
1740.000,104400.000,9.825
1741.000,104460.000,9.438
1742.000,104520.000,9.651
1743.000,104580.000,9.666
1744.000,104640.000,9.967
1745.000,104700.000,9.488
1746.000,104760.000,9.730
1747.000,104820.000,9.187
1748.000,104880.000,9.963
1749.000,104940.000,9.854
1750.000,105000.000,9.399
1751.000,105060.000,9.809
1752.000,105120.000,9.033
1753.000,105180.000,9.135
1754.000,105240.000,9.892
1755.000,105300.000,9.553
1756.000,105360.000,9.688
1757.000,105420.000,9.841
1758.000,105480.000,9.369
1759.000,105540.000,9.008
1760.000,105600.000,9.630
1761.000,105660.000,9.887
1762.000,105720.000,9.626
1763.000,105780.000,9.402
1764.000,105840.000,9.806
1765.000,105900.000,9.777
1766.000,105960.000,9.860
1767.000,106020.000,9.064
1768.000,106080.000,9.930
1769.000,106140.000,9.183
1770.000,106200.000,9.658
1771.000,106260.000,9.073
1772.000,106320.000,9.124
1773.000,106380.000,9.591
1774.000,106440.000,9.683
1775.000,106500.000,9.011
1776.000,106560.000,9.171
1777.000,106620.000,9.833
1778.000,106680.000,9.715
1779.000,106740.000,9.807
1780.000,106800.000,9.022
1781.000,106860.000,9.383
1782.000,106920.000,9.349
1783.000,106980.000,9.325
1784.000,107040.000,9.880
1785.000,107100.000,9.468
1786.000,107160.000,9.721
1787.000,107220.000,9.883
1788.000,107280.000,9.096
1789.000,107340.000,9.586
1790.000,107400.000,9.976
1791.000,107460.000,9.953
1792.000,107520.000,9.054
1793.000,107580.000,9.067
1794.000,107640.000,9.913
1795.000,107700.000,9.564
1796.000,107760.000,9.508
1797.000,107820.000,9.597
1798.000,107880.000,9.497
1799.000,107940.000,9.598
1800.000,108000.000,9.865
1801.000,108060.000,9.985
1802.000,108120.000,9.465
1803.000,108180.000,9.081
1804.000,108240.000,9.884
1805.000,108300.000,9.833
1806.000,108360.000,9.692
1807.000,108420.000,9.103
1808.000,108480.000,9.862
1809.000,108540.000,9.023
1810.000,108600.000,9.652
1811.000,108660.000,9.090
1812.000,108720.000,9.540
1813.000,108780.000,9.189
1814.000,108840.000,9.071
1815.000,108900.000,9.597
1816.000,108960.000,9.787
1817.000,109020.000,9.340
1818.000,109080.000,9.934
1819.000,109140.000,9.683
1820.000,109200.000,9.150
1821.000,109260.000,9.425
1822.000,109320.000,9.656
1823.000,109380.000,9.858
1824.000,109440.000,9.478
1825.000,109500.000,9.521
1826.000,109560.000,9.055
1827.000,109620.000,9.216
1828.000,109680.000,9.397
1829.000,109740.000,9.141
1830.000,109800.000,9.557
1831.000,109860.000,9.605
1832.000,109920.000,9.798
1833.000,109980.000,9.357
1834.000,110040.000,9.592
1835.000,110100.000,9.307
1836.000,110160.000,9.979
1837.000,110220.000,9.616
1838.000,110280.000,9.689
1839.000,110340.000,9.066
1840.000,110400.000,9.516
1841.000,110460.000,9.602
1842.000,110520.000,9.883
1843.000,110580.000,9.283
1844.000,110640.000,9.671
1845.000,110700.000,9.636
1846.000,110760.000,9.382
1847.000,110820.000,9.722
1848.000,110880.000,9.468
1849.000,110940.000,9.922
1850.000,111000.000,9.232
1851.000,111060.000,9.608
1852.000,111120.000,9.684
1853.000,111180.000,9.899
1854.000,111240.000,9.297
1855.000,111300.000,9.785
1856.000,111360.000,9.106
1857.000,111420.000,9.299
1858.000,111480.000,9.885
1859.000,111540.000,9.969
1860.000,111600.000,9.333
1861.000,111660.000,9.416
1862.000,111720.000,9.028
1863.000,111780.000,9.156
1864.000,111840.000,9.734
1865.000,111900.000,9.548
1866.000,111960.000,9.869
1867.000,112020.000,9.288
1868.000,112080.000,9.278
1869.000,112140.000,9.656
1870.000,112200.000,9.413
1871.000,112260.000,9.995
1872.000,112320.000,9.498
1873.000,112380.000,9.018
1874.000,112440.000,9.581
1875.000,112500.000,9.290
1876.000,112560.000,9.437
1877.000,112620.000,9.870
1878.000,112680.000,9.730
1879.000,112740.000,9.199
1880.000,112800.000,9.509
1881.000,112860.000,9.173
1882.000,112920.000,9.917
1883.000,112980.000,9.898
1884.000,113040.000,9.648
1885.000,113100.000,9.741
1886.000,113160.000,9.260
1887.000,113220.000,9.685
1888.000,113280.000,9.855
1889.000,113340.000,9.269
1890.000,113400.000,9.183
1891.000,113460.000,9.378
1892.000,113520.000,9.466
1893.000,113580.000,9.033
1894.000,113640.000,9.552
1895.000,113700.000,9.828
1896.000,113760.000,9.983
1897.000,113820.000,9.745
1898.000,113880.000,9.659
1899.000,113940.000,9.064
1900.000,114000.000,9.902
1901.000,114060.000,9.108
1902.000,114120.000,9.947
1903.000,114180.000,9.597
1904.000,114240.000,9.771
1905.000,114300.000,9.959
1906.000,114360.000,9.931
1907.000,114420.000,9.109
1908.000,114480.000,9.321
1909.000,114540.000,9.530
1910.000,114600.000,9.229
1911.000,114660.000,9.198
1912.000,114720.000,9.629
1913.000,114780.000,9.843
1914.000,114840.000,9.243
1915.000,114900.000,9.793
1916.000,114960.000,9.504
1917.000,115020.000,9.560
1918.000,115080.000,9.020
1919.000,115140.000,9.013
1920.000,115200.000,9.544
1921.000,115260.000,9.668
1922.000,115320.000,9.831
1923.000,115380.000,9.969
1924.000,115440.000,9.391
1925.000,115500.000,9.536
1926.000,115560.000,9.844
1927.000,115620.000,9.647
1928.000,115680.000,9.292
1929.000,115740.000,9.246
1930.000,115800.000,9.993
1931.000,115860.000,9.342
1932.000,115920.000,9.527
1933.000,115980.000,9.945
1934.000,116040.000,9.807
1935.000,116100.000,9.244
1936.000,116160.000,9.119
1937.000,116220.000,9.769
1938.000,116280.000,9.475
1939.000,116340.000,9.457
1940.000,116400.000,9.081
1941.000,116460.000,9.408
1942.000,116520.000,9.824
1943.000,116580.000,9.860
1944.000,116640.000,9.456
1945.000,116700.000,9.535
1946.000,116760.000,9.909
1947.000,116820.000,9.113
1948.000,116880.000,9.761
1949.000,116940.000,9.925
1950.000,117000.000,9.377
1951.000,117060.000,9.582
1952.000,117120.000,9.349
1953.000,117180.000,9.424
1954.000,117240.000,9.412
1955.000,117300.000,9.226
1956.000,117360.000,9.309
1957.000,117420.000,9.944
1958.000,117480.000,9.243
1959.000,117540.000,9.507
1960.000,117600.000,9.818
1961.000,117660.000,9.549
1962.000,117720.000,9.471
1963.000,117780.000,9.564
1964.000,117840.000,9.699
1965.000,117900.000,9.362
1966.000,117960.000,9.292
1967.000,118020.000,9.606
1968.000,118080.000,9.608
1969.000,118140.000,9.865
1970.000,118200.000,9.352
1971.000,118260.000,9.643
1972.000,118320.000,9.399
1973.000,118380.000,9.859
1974.000,118440.000,9.058
1975.000,118500.000,9.314
1976.000,118560.000,9.137
1977.000,118620.000,9.555
1978.000,118680.000,9.387
1979.000,118740.000,9.889
1980.000,118800.000,9.711
1981.000,118860.000,9.671
1982.000,118920.000,9.128
1983.000,118980.000,9.362
1984.000,119040.000,9.820
1985.000,119100.000,9.322
1986.000,119160.000,9.579
1987.000,119220.000,9.353
1988.000,119280.000,9.340
1989.000,119340.000,9.646
1990.000,119400.000,9.673
1991.000,119460.000,9.783
1992.000,119520.000,9.585
1993.000,119580.000,9.596
1994.000,119640.000,9.516
1995.000,119700.000,9.826
1996.000,119760.000,9.903
1997.000,119820.000,9.154
1998.000,119880.000,9.728
1999.000,119940.000,9.090
2000.000,120000.000,9.858
2001.000,120060.000,9.107
2002.000,120120.000,9.007
2003.000,120180.000,9.486
2004.000,120240.000,9.026
2005.000,120300.000,9.469
2006.000,120360.000,9.021
2007.000,120420.000,9.124
2008.000,120480.000,9.877
2009.000,120540.000,9.763
2010.000,120600.000,9.204
2011.000,120660.000,9.434
2012.000,120720.000,9.028
2013.000,120780.000,9.194
2014.000,120840.000,9.177
2015.000,120900.000,9.374
2016.000,120960.000,9.146
2017.000,121020.000,9.575
2018.000,121080.000,9.723
2019.000,121140.000,9.669
2020.000,121200.000,9.927
2021.000,121260.000,9.477
2022.000,121320.000,9.979
2023.000,121380.000,9.009
2024.000,121440.000,9.339
2025.000,121500.000,9.249
2026.000,121560.000,9.625
2027.000,121620.000,9.073
2028.000,121680.000,9.659
2029.000,121740.000,9.231
2030.000,121800.000,9.901
2031.000,121860.000,9.721
2032.000,121920.000,9.323
2033.000,121980.000,9.812
2034.000,122040.000,9.842
2035.000,122100.000,9.197
2036.000,122160.000,9.542
2037.000,122220.000,9.641
2038.000,122280.000,9.011
2039.000,122340.000,9.972
2040.000,122400.000,9.285
2041.000,122460.000,9.014
2042.000,122520.000,9.561
2043.000,122580.000,9.781
2044.000,122640.000,9.341
2045.000,122700.000,9.238
2046.000,122760.000,9.003
2047.000,122820.000,9.169
2048.000,122880.000,9.925
2049.000,122940.000,9.120
2050.000,123000.000,9.536
2051.000,123060.000,9.460
2052.000,123120.000,9.090
2053.000,123180.000,9.362
2054.000,123240.000,9.727
2055.000,123300.000,9.881
2056.000,123360.000,9.872
2057.000,123420.000,9.509
2058.000,123480.000,9.290
2059.000,123540.000,9.288
2060.000,123600.000,9.984
2061.000,123660.000,9.414
2062.000,123720.000,9.681
2063.000,123780.000,9.701
2064.000,123840.000,9.537
2065.000,123900.000,9.684
2066.000,123960.000,9.556
2067.000,124020.000,9.890
2068.000,124080.000,9.453
2069.000,124140.000,9.295
2070.000,124200.000,9.991
2071.000,124260.000,9.543
2072.000,124320.000,9.931
2073.000,124380.000,9.149
2074.000,124440.000,9.330
2075.000,124500.000,9.383
2076.000,124560.000,9.182
2077.000,124620.000,9.786
2078.000,124680.000,9.161
2079.000,124740.000,9.861
2080.000,124800.000,9.038
2081.000,124860.000,9.199
2082.000,124920.000,9.402
2083.000,124980.000,9.974
2084.000,125040.000,9.937
2085.000,125100.000,9.438
2086.000,125160.000,9.086
2087.000,125220.000,9.820
2088.000,125280.000,9.374
2089.000,125340.000,9.825
2090.000,125400.000,9.250
2091.000,125460.000,9.542
2092.000,125520.000,9.454
2093.000,125580.000,9.935
2094.000,125640.000,9.584
2095.000,125700.000,9.546
2096.000,125760.000,9.547
2097.000,125820.000,9.661
2098.000,125880.000,9.464
2099.000,125940.000,9.590
2100.000,126000.000,9.731
2101.000,126060.000,9.835
2102.000,126120.000,9.919
2103.000,126180.000,9.156
2104.000,126240.000,9.874
2105.000,126300.000,9.412
2106.000,126360.000,9.139
2107.000,126420.000,9.966
2108.000,126480.000,9.825
2109.000,126540.000,9.335
2110.000,126600.000,9.151
2111.000,126660.000,9.395
2112.000,126720.000,9.065
2113.000,126780.000,9.766
2114.000,126840.000,9.449
2115.000,126900.000,9.755
2116.000,126960.000,9.196
2117.000,127020.000,9.366
2118.000,127080.000,9.789
2119.000,127140.000,9.265
2120.000,127200.000,9.029
2121.000,127260.000,9.423
2122.000,127320.000,9.234
2123.000,127380.000,9.825
2124.000,127440.000,9.490
2125.000,127500.000,9.628
2126.000,127560.000,9.837
2127.000,127620.000,9.934
2128.000,127680.000,9.653
2129.000,127740.000,9.734
2130.000,127800.000,9.786
2131.000,127860.000,9.360
2132.000,127920.000,9.919
2133.000,127980.000,9.391
2134.000,128040.000,9.516
2135.000,128100.000,9.573
2136.000,128160.000,9.731
2137.000,128220.000,9.236
2138.000,128280.000,9.599
2139.000,128340.000,9.314
2140.000,128400.000,9.899
2141.000,128460.000,9.481
2142.000,128520.000,9.793
2143.000,128580.000,9.404
2144.000,128640.000,9.769
2145.000,128700.000,9.617
2146.000,128760.000,9.884
2147.000,128820.000,9.735
2148.000,128880.000,9.510
2149.000,128940.000,9.490
2150.000,129000.000,9.042
2151.000,129060.000,9.406
2152.000,129120.000,9.726
2153.000,129180.000,9.769
2154.000,129240.000,9.245
2155.000,129300.000,9.058
2156.000,129360.000,9.905
2157.000,129420.000,9.056
2158.000,129480.000,9.344
2159.000,129540.000,9.286
2160.000,129600.000,9.473
2161.000,129660.000,9.600
2162.000,129720.000,9.469
2163.000,129780.000,9.310
2164.000,129840.000,9.978
2165.000,129900.000,9.903
2166.000,129960.000,9.567
2167.000,130020.000,9.334
2168.000,130080.000,9.575
2169.000,130140.000,9.201
2170.000,130200.000,9.876
2171.000,130260.000,9.557
2172.000,130320.000,9.588
2173.000,130380.000,9.261
2174.000,130440.000,9.423
2175.000,130500.000,9.949
2176.000,130560.000,9.415
2177.000,130620.000,9.626
2178.000,130680.000,9.882
2179.000,130740.000,9.897
2180.000,130800.000,9.085
2181.000,130860.000,9.336
2182.000,130920.000,9.009
2183.000,130980.000,9.251
2184.000,131040.000,9.544
2185.000,131100.000,9.745
2186.000,131160.000,9.155
2187.000,131220.000,9.151
2188.000,131280.000,9.726
2189.000,131340.000,9.485
2190.000,131400.000,9.612
2191.000,131460.000,9.174
2192.000,131520.000,9.332
2193.000,131580.000,9.358
2194.000,131640.000,9.594
2195.000,131700.000,9.607
2196.000,131760.000,9.726
2197.000,131820.000,9.455
2198.000,131880.000,9.213
2199.000,131940.000,9.593
2200.000,132000.000,9.356
2201.000,132060.000,9.806
2202.000,132120.000,9.779
2203.000,132180.000,9.215
2204.000,132240.000,9.752
2205.000,132300.000,9.625
2206.000,132360.000,9.893
2207.000,132420.000,9.708
2208.000,132480.000,9.576
2209.000,132540.000,9.168
2210.000,132600.000,9.152
2211.000,132660.000,9.028
2212.000,132720.000,9.478
2213.000,132780.000,9.898
2214.000,132840.000,9.508
2215.000,132900.000,9.934
2216.000,132960.000,9.647
2217.000,133020.000,9.640
2218.000,133080.000,9.189
2219.000,133140.000,9.442
2220.000,133200.000,9.131
2221.000,133260.000,9.978
2222.000,133320.000,9.351
2223.000,133380.000,9.796
2224.000,133440.000,9.762
2225.000,133500.000,9.148
2226.000,133560.000,9.881
2227.000,133620.000,9.740
2228.000,133680.000,9.088
2229.000,133740.000,9.878
2230.000,133800.000,9.868
2231.000,133860.000,9.825
2232.000,133920.000,9.020
2233.000,133980.000,9.667
2234.000,134040.000,9.342
2235.000,134100.000,9.617
2236.000,134160.000,9.336
2237.000,134220.000,9.515
2238.000,134280.000,9.018
2239.000,134340.000,9.337
2240.000,134400.000,9.595
2241.000,134460.000,9.412
2242.000,134520.000,9.032
2243.000,134580.000,9.948
2244.000,134640.000,9.778
2245.000,134700.000,9.689
2246.000,134760.000,9.471
2247.000,134820.000,9.617
2248.000,134880.000,9.586
2249.000,134940.000,9.240
2250.000,135000.000,9.280
2251.000,135060.000,9.258
2252.000,135120.000,9.857
2253.000,135180.000,9.945
2254.000,135240.000,9.010
2255.000,135300.000,9.912
2256.000,135360.000,9.840
2257.000,135420.000,9.466
2258.000,135480.000,9.237
2259.000,135540.000,9.312
2260.000,135600.000,9.812
2261.000,135660.000,9.262
2262.000,135720.000,9.717
2263.000,135780.000,9.150
2264.000,135840.000,9.214
2265.000,135900.000,9.416
2266.000,135960.000,9.363
2267.000,136020.000,9.119
2268.000,136080.000,9.349
2269.000,136140.000,9.080
2270.000,136200.000,9.995
2271.000,136260.000,9.826
2272.000,136320.000,9.949
2273.000,136380.000,9.758
2274.000,136440.000,9.318
2275.000,136500.000,9.365
2276.000,136560.000,9.328
2277.000,136620.000,9.984
2278.000,136680.000,9.476
2279.000,136740.000,9.900
2280.000,136800.000,9.904
2281.000,136860.000,9.069
2282.000,136920.000,9.043
2283.000,136980.000,9.064
2284.000,137040.000,9.392
2285.000,137100.000,9.479
2286.000,137160.000,9.164
2287.000,137220.000,9.888
2288.000,137280.000,9.088
2289.000,137340.000,9.334
2290.000,137400.000,9.803
2291.000,137460.000,9.517
2292.000,137520.000,9.369
2293.000,137580.000,9.907
2294.000,137640.000,9.546
2295.000,137700.000,9.779
2296.000,137760.000,9.804
2297.000,137820.000,9.830
2298.000,137880.000,9.470
2299.000,137940.000,9.153
2300.000,138000.000,9.857
2301.000,138060.000,9.612
2302.000,138120.000,9.511
2303.000,138180.000,9.402
2304.000,138240.000,9.494
2305.000,138300.000,9.203
2306.000,138360.000,9.328
2307.000,138420.000,9.972
2308.000,138480.000,9.143
2309.000,138540.000,9.247
2310.000,138600.000,9.139
2311.000,138660.000,9.634
2312.000,138720.000,9.965
2313.000,138780.000,9.410
2314.000,138840.000,9.767
2315.000,138900.000,9.372
2316.000,138960.000,9.799
2317.000,139020.000,9.034
2318.000,139080.000,9.165
2319.000,139140.000,9.643
2320.000,139200.000,9.425
2321.000,139260.000,9.706
2322.000,139320.000,9.418
2323.000,139380.000,9.962
2324.000,139440.000,9.513
2325.000,139500.000,9.074
2326.000,139560.000,9.263
2327.000,139620.000,9.313
2328.000,139680.000,9.986
2329.000,139740.000,9.220
2330.000,139800.000,9.320
2331.000,139860.000,9.551
2332.000,139920.000,9.205
2333.000,139980.000,9.577
2334.000,140040.000,9.035
2335.000,140100.000,9.126
2336.000,140160.000,9.902
2337.000,140220.000,9.120
2338.000,140280.000,9.384
2339.000,140340.000,9.057
2340.000,140400.000,9.116
2341.000,140460.000,9.574
2342.000,140520.000,9.294
2343.000,140580.000,9.998
2344.000,140640.000,9.654
2345.000,140700.000,9.090
2346.000,140760.000,9.827
2347.000,140820.000,9.083
2348.000,140880.000,9.549
2349.000,140940.000,9.127
2350.000,141000.000,9.018
2351.000,141060.000,9.964
2352.000,141120.000,9.743
2353.000,141180.000,9.811
2354.000,141240.000,9.908
2355.000,141300.000,9.715
2356.000,141360.000,9.821
2357.000,141420.000,9.108
2358.000,141480.000,9.719
2359.000,141540.000,9.542
2360.000,141600.000,9.709
2361.000,141660.000,9.266
2362.000,141720.000,9.918
2363.000,141780.000,9.066
2364.000,141840.000,9.058
2365.000,141900.000,9.727
2366.000,141960.000,9.098
2367.000,142020.000,9.304
2368.000,142080.000,9.361
2369.000,142140.000,9.241
2370.000,142200.000,9.646
2371.000,142260.000,9.234
2372.000,142320.000,9.576
2373.000,142380.000,9.178
2374.000,142440.000,9.822
2375.000,142500.000,9.605
2376.000,142560.000,9.158
2377.000,142620.000,9.172
2378.000,142680.000,9.988
2379.000,142740.000,9.652
2380.000,142800.000,9.462
2381.000,142860.000,9.698
2382.000,142920.000,9.408
2383.000,142980.000,9.691
2384.000,143040.000,9.932
2385.000,143100.000,9.738
2386.000,143160.000,9.877
2387.000,143220.000,9.178
2388.000,143280.000,9.013
2389.000,143340.000,9.743
2390.000,143400.000,9.164
2391.000,143460.000,9.170
2392.000,143520.000,9.511
2393.000,143580.000,9.707
2394.000,143640.000,9.937
2395.000,143700.000,9.878
2396.000,143760.000,9.457
2397.000,143820.000,9.627
2398.000,143880.000,9.270
2399.000,143940.000,9.868
2400.000,144000.000,9.620
2401.000,144060.000,9.777
2402.000,144120.000,9.974
2403.000,144180.000,9.963
2404.000,144240.000,9.927
2405.000,144300.000,9.631
2406.000,144360.000,9.139
2407.000,144420.000,9.284
2408.000,144480.000,9.334
2409.000,144540.000,9.662
2410.000,144600.000,9.165
2411.000,144660.000,9.888
2412.000,144720.000,9.152
2413.000,144780.000,9.367
2414.000,144840.000,9.035
2415.000,144900.000,9.910
2416.000,144960.000,9.136
2417.000,145020.000,9.923
2418.000,145080.000,9.942
2419.000,145140.000,9.827
2420.000,145200.000,9.165
2421.000,145260.000,9.043
2422.000,145320.000,9.737
2423.000,145380.000,9.999
2424.000,145440.000,9.718
2425.000,145500.000,9.037
2426.000,145560.000,9.665
2427.000,145620.000,9.970
2428.000,145680.000,9.852
2429.000,145740.000,9.921
2430.000,145800.000,9.103
2431.000,145860.000,9.516
2432.000,145920.000,9.100
2433.000,145980.000,9.478
2434.000,146040.000,9.700
2435.000,146100.000,9.688
2436.000,146160.000,9.195
2437.000,146220.000,9.874
2438.000,146280.000,9.229
2439.000,146340.000,9.872
2440.000,146400.000,9.326
2441.000,146460.000,9.356
2442.000,146520.000,9.254
2443.000,146580.000,9.652
2444.000,146640.000,9.992
2445.000,146700.000,9.539
2446.000,146760.000,9.731
2447.000,146820.000,9.898
2448.000,146880.000,9.434
2449.000,146940.000,9.279
2450.000,147000.000,9.759
2451.000,147060.000,9.965
2452.000,147120.000,9.006
2453.000,147180.000,9.073
2454.000,147240.000,9.205
2455.000,147300.000,9.975
2456.000,147360.000,9.719
2457.000,147420.000,9.453
2458.000,147480.000,9.703
2459.000,147540.000,9.367
2460.000,147600.000,9.227
2461.000,147660.000,9.548
2462.000,147720.000,9.366
2463.000,147780.000,9.533
2464.000,147840.000,9.168
2465.000,147900.000,9.823
2466.000,147960.000,9.827
2467.000,148020.000,9.141
2468.000,148080.000,9.998
2469.000,148140.000,9.076
2470.000,148200.000,9.566
2471.000,148260.000,9.481
2472.000,148320.000,9.179
2473.000,148380.000,9.764
2474.000,148440.000,9.623
2475.000,148500.000,9.231
2476.000,148560.000,9.206
2477.000,148620.000,9.381
2478.000,148680.000,9.213
2479.000,148740.000,9.133
2480.000,148800.000,9.898
2481.000,148860.000,9.677
2482.000,148920.000,9.076
2483.000,148980.000,9.917
2484.000,149040.000,9.810
2485.000,149100.000,9.752
2486.000,149160.000,9.002
2487.000,149220.000,9.388
2488.000,149280.000,9.135
2489.000,149340.000,9.961
2490.000,149400.000,9.428
2491.000,149460.000,9.617
2492.000,149520.000,9.752
2493.000,149580.000,9.526
2494.000,149640.000,9.284
2495.000,149700.000,9.312
2496.000,149760.000,9.781
2497.000,149820.000,9.628
2498.000,149880.000,9.843
2499.000,149940.000,9.211
2500.000,150000.000,9.547
2501.000,150060.000,9.695
2502.000,150120.000,9.108
2503.000,150180.000,9.728
2504.000,150240.000,9.175
2505.000,150300.000,9.484
2506.000,150360.000,9.665
2507.000,150420.000,9.499
2508.000,150480.000,9.126
2509.000,150540.000,9.112
2510.000,150600.000,9.762
2511.000,150660.000,9.981
2512.000,150720.000,9.961
2513.000,150780.000,9.896
2514.000,150840.000,9.969
2515.000,150900.000,9.612
2516.000,150960.000,9.317
2517.000,151020.000,9.923
2518.000,151080.000,9.623
2519.000,151140.000,9.328
2520.000,151200.000,9.817
2521.000,151260.000,9.545
2522.000,151320.000,9.874
2523.000,151380.000,9.187
2524.000,151440.000,9.726
2525.000,151500.000,9.104
2526.000,151560.000,9.148
2527.000,151620.000,9.972
2528.000,151680.000,9.881
2529.000,151740.000,9.399
2530.000,151800.000,9.333
2531.000,151860.000,9.283
2532.000,151920.000,9.654
2533.000,151980.000,9.420
2534.000,152040.000,9.515
2535.000,152100.000,9.630
2536.000,152160.000,9.397
2537.000,152220.000,9.853
2538.000,152280.000,9.676
2539.000,152340.000,9.574
2540.000,152400.000,9.776
2541.000,152460.000,9.027
2542.000,152520.000,9.609
2543.000,152580.000,9.751
2544.000,152640.000,9.385
2545.000,152700.000,9.176
2546.000,152760.000,9.411
2547.000,152820.000,9.172
2548.000,152880.000,9.568
2549.000,152940.000,9.261
2550.000,153000.000,9.842
2551.000,153060.000,9.386
2552.000,153120.000,9.982
2553.000,153180.000,9.065
2554.000,153240.000,9.649
2555.000,153300.000,9.428
2556.000,153360.000,9.067
2557.000,153420.000,9.257
2558.000,153480.000,9.322
2559.000,153540.000,9.702
2560.000,153600.000,9.237
2561.000,153660.000,9.518
2562.000,153720.000,9.845
2563.000,153780.000,9.769
2564.000,153840.000,9.598
2565.000,153900.000,9.265
2566.000,153960.000,9.465
2567.000,154020.000,9.021
2568.000,154080.000,9.714
2569.000,154140.000,9.782
2570.000,154200.000,9.201
2571.000,154260.000,9.219
2572.000,154320.000,9.599
2573.000,154380.000,9.100
2574.000,154440.000,9.780
2575.000,154500.000,9.830
2576.000,154560.000,9.834
2577.000,154620.000,9.928
2578.000,154680.000,9.751
2579.000,154740.000,9.994
2580.000,154800.000,9.963
2581.000,154860.000,9.058
2582.000,154920.000,9.868
2583.000,154980.000,9.280
2584.000,155040.000,9.395
2585.000,155100.000,9.141
2586.000,155160.000,9.663
2587.000,155220.000,9.015
2588.000,155280.000,9.250
2589.000,155340.000,9.076
2590.000,155400.000,9.227
2591.000,155460.000,9.469
2592.000,155520.000,9.064
2593.000,155580.000,9.639
2594.000,155640.000,9.018
2595.000,155700.000,9.041
2596.000,155760.000,9.950
2597.000,155820.000,9.815
2598.000,155880.000,9.107
2599.000,155940.000,9.663
2600.000,156000.000,9.746
2601.000,156060.000,9.868
2602.000,156120.000,9.523
2603.000,156180.000,9.589
2604.000,156240.000,9.341
2605.000,156300.000,9.904
2606.000,156360.000,9.197
2607.000,156420.000,9.813
2608.000,156480.000,9.487
2609.000,156540.000,9.819
2610.000,156600.000,9.277
2611.000,156660.000,9.026
2612.000,156720.000,9.673
2613.000,156780.000,9.320
2614.000,156840.000,9.750
2615.000,156900.000,9.079
2616.000,156960.000,9.535
2617.000,157020.000,9.528
2618.000,157080.000,9.636
2619.000,157140.000,9.888
2620.000,157200.000,9.703
2621.000,157260.000,9.455
2622.000,157320.000,9.185
2623.000,157380.000,9.778
2624.000,157440.000,9.125
2625.000,157500.000,9.070
2626.000,157560.000,9.765
2627.000,157620.000,9.492
2628.000,157680.000,9.929
2629.000,157740.000,9.607
2630.000,157800.000,9.872
2631.000,157860.000,9.960
2632.000,157920.000,9.072
2633.000,157980.000,9.377
2634.000,158040.000,9.242
2635.000,158100.000,9.746
2636.000,158160.000,9.710
2637.000,158220.000,9.027
2638.000,158280.000,9.547
2639.000,158340.000,9.351
2640.000,158400.000,9.448
2641.000,158460.000,9.617
2642.000,158520.000,9.288
2643.000,158580.000,9.670
2644.000,158640.000,9.815
2645.000,158700.000,9.293
2646.000,158760.000,9.497
2647.000,158820.000,9.731
2648.000,158880.000,9.128
2649.000,158940.000,9.244
2650.000,159000.000,9.821
2651.000,159060.000,9.844
2652.000,159120.000,9.665
2653.000,159180.000,9.189
2654.000,159240.000,9.906
2655.000,159300.000,9.958
2656.000,159360.000,9.412
2657.000,159420.000,9.026
2658.000,159480.000,9.586
2659.000,159540.000,9.176
2660.000,159600.000,9.520
2661.000,159660.000,9.285
2662.000,159720.000,9.072
2663.000,159780.000,9.357
2664.000,159840.000,9.596
2665.000,159900.000,9.583
2666.000,159960.000,9.819
2667.000,160020.000,9.347
2668.000,160080.000,9.541
2669.000,160140.000,9.672
2670.000,160200.000,9.619
2671.000,160260.000,9.812
2672.000,160320.000,9.647
2673.000,160380.000,9.914
2674.000,160440.000,9.505
2675.000,160500.000,9.356
2676.000,160560.000,9.229
2677.000,160620.000,9.003
2678.000,160680.000,9.205
2679.000,160740.000,9.643
2680.000,160800.000,9.226
2681.000,160860.000,9.644
2682.000,160920.000,9.350
2683.000,160980.000,9.454
2684.000,161040.000,9.385
2685.000,161100.000,9.711
2686.000,161160.000,9.519
2687.000,161220.000,9.520
2688.000,161280.000,9.437
2689.000,161340.000,9.492
2690.000,161400.000,9.608
2691.000,161460.000,9.233
2692.000,161520.000,9.317
2693.000,161580.000,9.278
2694.000,161640.000,9.806
2695.000,161700.000,9.345
2696.000,161760.000,9.058
2697.000,161820.000,9.879
2698.000,161880.000,9.471
2699.000,161940.000,9.926
2700.000,162000.000,9.081
2701.000,162060.000,9.146
2702.000,162120.000,9.022
2703.000,162180.000,9.922
2704.000,162240.000,9.376
2705.000,162300.000,9.601
2706.000,162360.000,9.996
2707.000,162420.000,9.067
2708.000,162480.000,9.190
2709.000,162540.000,9.585
2710.000,162600.000,9.505
2711.000,162660.000,9.123
2712.000,162720.000,9.738
2713.000,162780.000,9.524
2714.000,162840.000,9.813
2715.000,162900.000,9.823
2716.000,162960.000,9.732
2717.000,163020.000,9.336
2718.000,163080.000,9.436
2719.000,163140.000,9.106
2720.000,163200.000,9.380
2721.000,163260.000,9.415
2722.000,163320.000,9.173
2723.000,163380.000,9.501
2724.000,163440.000,9.018
2725.000,163500.000,9.642
2726.000,163560.000,9.546
2727.000,163620.000,9.628
2728.000,163680.000,9.765
2729.000,163740.000,9.580
2730.000,163800.000,9.201
2731.000,163860.000,9.908
2732.000,163920.000,9.813
2733.000,163980.000,9.618
2734.000,164040.000,9.916
2735.000,164100.000,9.424
2736.000,164160.000,9.622
2737.000,164220.000,9.544
2738.000,164280.000,9.042
2739.000,164340.000,9.306
2740.000,164400.000,9.810
2741.000,164460.000,9.504
2742.000,164520.000,9.482
2743.000,164580.000,9.797
2744.000,164640.000,9.863
2745.000,164700.000,9.897
2746.000,164760.000,9.847
2747.000,164820.000,9.745
2748.000,164880.000,9.120
2749.000,164940.000,9.837
2750.000,165000.000,9.686
2751.000,165060.000,9.682
2752.000,165120.000,9.385
2753.000,165180.000,9.681
2754.000,165240.000,9.013
2755.000,165300.000,9.896
2756.000,165360.000,9.245
2757.000,165420.000,9.643
2758.000,165480.000,9.021
2759.000,165540.000,9.262
2760.000,165600.000,9.384
2761.000,165660.000,9.759
2762.000,165720.000,9.443
2763.000,165780.000,9.459
2764.000,165840.000,9.885
2765.000,165900.000,9.459
2766.000,165960.000,9.544
2767.000,166020.000,9.081
2768.000,166080.000,9.358
2769.000,166140.000,9.296
2770.000,166200.000,9.764
2771.000,166260.000,9.652
2772.000,166320.000,9.365
2773.000,166380.000,9.195
2774.000,166440.000,9.634
2775.000,166500.000,9.228
2776.000,166560.000,9.864
2777.000,166620.000,9.043
2778.000,166680.000,9.172
2779.000,166740.000,9.155
2780.000,166800.000,9.556
2781.000,166860.000,9.295
2782.000,166920.000,9.032
2783.000,166980.000,9.801
2784.000,167040.000,9.273
2785.000,167100.000,9.322
2786.000,167160.000,9.692
2787.000,167220.000,9.002
2788.000,167280.000,9.320
2789.000,167340.000,9.116
2790.000,167400.000,9.139
2791.000,167460.000,9.588
2792.000,167520.000,9.509
2793.000,167580.000,9.357
2794.000,167640.000,9.334
2795.000,167700.000,9.350
2796.000,167760.000,9.439
2797.000,167820.000,9.700
2798.000,167880.000,9.472
2799.000,167940.000,9.017
2800.000,168000.000,9.397
2801.000,168060.000,9.253
2802.000,168120.000,9.856
2803.000,168180.000,9.177
2804.000,168240.000,9.810
2805.000,168300.000,9.542
2806.000,168360.000,9.696
2807.000,168420.000,9.138
2808.000,168480.000,9.762
2809.000,168540.000,9.897
2810.000,168600.000,9.114
2811.000,168660.000,9.937
2812.000,168720.000,9.320
2813.000,168780.000,9.179
2814.000,168840.000,9.927
2815.000,168900.000,9.133
2816.000,168960.000,9.034
2817.000,169020.000,9.629
2818.000,169080.000,9.717
2819.000,169140.000,9.349
2820.000,169200.000,9.088
2821.000,169260.000,9.957
2822.000,169320.000,9.077
2823.000,169380.000,9.821
2824.000,169440.000,10.000
2825.000,169500.000,9.251
2826.000,169560.000,9.382
2827.000,169620.000,9.519
2828.000,169680.000,9.339
2829.000,169740.000,9.028
2830.000,169800.000,9.629
2831.000,169860.000,9.509
2832.000,169920.000,9.874
2833.000,169980.000,9.198
2834.000,170040.000,9.080
2835.000,170100.000,9.608
2836.000,170160.000,9.780
2837.000,170220.000,9.703
2838.000,170280.000,9.703
2839.000,170340.000,9.462
2840.000,170400.000,9.208
2841.000,170460.000,9.438
2842.000,170520.000,9.711
2843.000,170580.000,9.861
2844.000,170640.000,9.910
2845.000,170700.000,9.574
2846.000,170760.000,9.498
2847.000,170820.000,9.408
2848.000,170880.000,9.262
2849.000,170940.000,9.714
2850.000,171000.000,9.029
2851.000,171060.000,9.707
2852.000,171120.000,9.202
2853.000,171180.000,9.914
2854.000,171240.000,9.461
2855.000,171300.000,9.533
2856.000,171360.000,9.202
2857.000,171420.000,9.215
2858.000,171480.000,9.391
2859.000,171540.000,9.267
2860.000,171600.000,9.320
2861.000,171660.000,9.441
2862.000,171720.000,9.879
2863.000,171780.000,9.510
2864.000,171840.000,9.895
2865.000,171900.000,9.513
2866.000,171960.000,9.129
2867.000,172020.000,9.605
2868.000,172080.000,9.526
2869.000,172140.000,9.554
2870.000,172200.000,9.752
2871.000,172260.000,10.000
2872.000,172320.000,9.013
2873.000,172380.000,9.163
2874.000,172440.000,9.627
2875.000,172500.000,9.409
2876.000,172560.000,9.362
2877.000,172620.000,9.287
2878.000,172680.000,9.062
2879.000,172740.000,9.594
2880.000,172800.000,9.818
2881.000,172860.000,9.988
2882.000,172920.000,9.906
2883.000,172980.000,9.565
2884.000,173040.000,9.910
2885.000,173100.000,9.845
2886.000,173160.000,9.872
2887.000,173220.000,9.849
2888.000,173280.000,9.943
2889.000,173340.000,9.222
2890.000,173400.000,9.414
2891.000,173460.000,9.992
2892.000,173520.000,9.188
2893.000,173580.000,9.966
2894.000,173640.000,9.460
2895.000,173700.000,9.200
2896.000,173760.000,9.173
2897.000,173820.000,9.083
2898.000,173880.000,9.375
2899.000,173940.000,9.813
2900.000,174000.000,9.788
2901.000,174060.000,9.110
2902.000,174120.000,9.329
2903.000,174180.000,9.681
2904.000,174240.000,9.921
2905.000,174300.000,9.739
2906.000,174360.000,9.685
2907.000,174420.000,9.902
2908.000,174480.000,9.074
2909.000,174540.000,9.715
2910.000,174600.000,9.916
2911.000,174660.000,9.183
2912.000,174720.000,9.937
2913.000,174780.000,9.755
2914.000,174840.000,9.888
2915.000,174900.000,9.109
2916.000,174960.000,9.118
2917.000,175020.000,9.084
2918.000,175080.000,9.523
2919.000,175140.000,9.892
2920.000,175200.000,9.449
2921.000,175260.000,9.621
2922.000,175320.000,9.582
2923.000,175380.000,9.004
2924.000,175440.000,9.893
2925.000,175500.000,9.385
2926.000,175560.000,9.352
2927.000,175620.000,9.269
2928.000,175680.000,9.824
2929.000,175740.000,9.275
2930.000,175800.000,9.108
2931.000,175860.000,9.496
2932.000,175920.000,9.398
2933.000,175980.000,9.274
2934.000,176040.000,9.495
2935.000,176100.000,9.284
2936.000,176160.000,9.577
2937.000,176220.000,9.942
2938.000,176280.000,9.429
2939.000,176340.000,9.976
2940.000,176400.000,9.296
2941.000,176460.000,9.029
2942.000,176520.000,9.718
2943.000,176580.000,9.375
2944.000,176640.000,9.227
2945.000,176700.000,9.710
2946.000,176760.000,9.359
2947.000,176820.000,9.911
2948.000,176880.000,9.975
2949.000,176940.000,9.657
2950.000,177000.000,9.516
2951.000,177060.000,9.485
2952.000,177120.000,9.471
2953.000,177180.000,9.611
2954.000,177240.000,9.865
2955.000,177300.000,9.373
2956.000,177360.000,9.279
2957.000,177420.000,9.313
2958.000,177480.000,9.924
2959.000,177540.000,9.663
2960.000,177600.000,9.747
2961.000,177660.000,9.734
2962.000,177720.000,9.556
2963.000,177780.000,9.591
2964.000,177840.000,9.349
2965.000,177900.000,9.952
2966.000,177960.000,9.603
2967.000,178020.000,9.768
2968.000,178080.000,9.250
2969.000,178140.000,9.567
2970.000,178200.000,9.018
2971.000,178260.000,9.061
2972.000,178320.000,9.083
2973.000,178380.000,9.887
2974.000,178440.000,9.162
2975.000,178500.000,9.856
2976.000,178560.000,9.567
2977.000,178620.000,9.760
2978.000,178680.000,9.049
2979.000,178740.000,9.272
2980.000,178800.000,9.315
2981.000,178860.000,9.059
2982.000,178920.000,9.084
2983.000,178980.000,9.766
2984.000,179040.000,9.354
2985.000,179100.000,9.698
2986.000,179160.000,9.305
2987.000,179220.000,9.093
2988.000,179280.000,9.877
2989.000,179340.000,9.520
2990.000,179400.000,9.010
2991.000,179460.000,9.730
2992.000,179520.000,9.411
2993.000,179580.000,9.970
2994.000,179640.000,9.876
2995.000,179700.000,9.726
2996.000,179760.000,9.929
2997.000,179820.000,9.588
2998.000,179880.000,9.208
2999.000,179940.000,9.085
3000.000,180000.000,9.484
3001.000,180060.000,9.422
3002.000,180120.000,9.779
3003.000,180180.000,9.628
3004.000,180240.000,9.696
3005.000,180300.000,9.437
3006.000,180360.000,9.870
3007.000,180420.000,9.219
3008.000,180480.000,9.586
3009.000,180540.000,9.710
3010.000,180600.000,9.612
3011.000,180660.000,9.795
3012.000,180720.000,9.484
3013.000,180780.000,9.126
3014.000,180840.000,9.430
3015.000,180900.000,9.265
3016.000,180960.000,9.287
3017.000,181020.000,9.956
3018.000,181080.000,9.370
3019.000,181140.000,9.629
3020.000,181200.000,9.889
3021.000,181260.000,9.432
3022.000,181320.000,9.681
3023.000,181380.000,9.729
3024.000,181440.000,9.567
3025.000,181500.000,9.909
3026.000,181560.000,9.434
3027.000,181620.000,9.272
3028.000,181680.000,9.013
3029.000,181740.000,9.731
3030.000,181800.000,9.683
3031.000,181860.000,9.293
3032.000,181920.000,9.864
3033.000,181980.000,9.275
3034.000,182040.000,9.916
3035.000,182100.000,9.925
3036.000,182160.000,9.299
3037.000,182220.000,9.813
3038.000,182280.000,9.076
3039.000,182340.000,9.801
3040.000,182400.000,9.150
3041.000,182460.000,9.559
3042.000,182520.000,9.763
3043.000,182580.000,9.363
3044.000,182640.000,9.470
3045.000,182700.000,9.444
3046.000,182760.000,9.141
3047.000,182820.000,9.684
3048.000,182880.000,9.100
3049.000,182940.000,9.884
3050.000,183000.000,9.933
3051.000,183060.000,9.310
3052.000,183120.000,9.049
3053.000,183180.000,9.480
3054.000,183240.000,9.976
3055.000,183300.000,9.464
3056.000,183360.000,9.055
3057.000,183420.000,9.153
3058.000,183480.000,9.008
3059.000,183540.000,9.853
3060.000,183600.000,9.318
3061.000,183660.000,9.002
3062.000,183720.000,9.188
3063.000,183780.000,9.013
3064.000,183840.000,9.618
3065.000,183900.000,9.697
3066.000,183960.000,9.324
3067.000,184020.000,9.433
3068.000,184080.000,9.533
3069.000,184140.000,9.246
3070.000,184200.000,9.658
3071.000,184260.000,9.412
3072.000,184320.000,9.765
3073.000,184380.000,9.600
3074.000,184440.000,9.926
3075.000,184500.000,9.256
3076.000,184560.000,9.042
3077.000,184620.000,9.355
3078.000,184680.000,9.553
3079.000,184740.000,9.153
3080.000,184800.000,9.284
3081.000,184860.000,9.412
3082.000,184920.000,9.112
3083.000,184980.000,9.108
3084.000,185040.000,9.611
3085.000,185100.000,9.476
3086.000,185160.000,9.646
3087.000,185220.000,9.598
3088.000,185280.000,9.272
3089.000,185340.000,9.745
3090.000,185400.000,9.354
3091.000,185460.000,9.476
3092.000,185520.000,9.256
3093.000,185580.000,9.337
3094.000,185640.000,9.092
3095.000,185700.000,9.863
3096.000,185760.000,9.665
3097.000,185820.000,9.043
3098.000,185880.000,9.494
3099.000,185940.000,9.774
3100.000,186000.000,9.390
3101.000,186060.000,9.164
3102.000,186120.000,9.235
3103.000,186180.000,9.554
3104.000,186240.000,9.784
3105.000,186300.000,9.498
3106.000,186360.000,9.487
3107.000,186420.000,9.983
3108.000,186480.000,9.399
3109.000,186540.000,9.506
3110.000,186600.000,9.348
3111.000,186660.000,9.088
3112.000,186720.000,9.970
3113.000,186780.000,9.067
3114.000,186840.000,9.528
3115.000,186900.000,9.024
3116.000,186960.000,9.391
3117.000,187020.000,9.509
3118.000,187080.000,9.374
3119.000,187140.000,9.354
3120.000,187200.000,9.403
3121.000,187260.000,9.772
3122.000,187320.000,9.330
3123.000,187380.000,9.632
3124.000,187440.000,9.298
3125.000,187500.000,9.125
3126.000,187560.000,9.537
3127.000,187620.000,9.353
3128.000,187680.000,9.808
3129.000,187740.000,9.865
3130.000,187800.000,9.129
3131.000,187860.000,9.718
3132.000,187920.000,9.815
3133.000,187980.000,9.162
3134.000,188040.000,9.239
3135.000,188100.000,9.118
3136.000,188160.000,9.187
3137.000,188220.000,9.031
3138.000,188280.000,9.035
3139.000,188340.000,9.348
3140.000,188400.000,9.802
3141.000,188460.000,9.193
3142.000,188520.000,9.271
3143.000,188580.000,9.631
3144.000,188640.000,9.518
3145.000,188700.000,9.266
3146.000,188760.000,9.309
3147.000,188820.000,9.738
3148.000,188880.000,9.409
3149.000,188940.000,9.207
3150.000,189000.000,9.309
3151.000,189060.000,9.337
3152.000,189120.000,9.533
3153.000,189180.000,9.711
3154.000,189240.000,9.275
3155.000,189300.000,9.136
3156.000,189360.000,9.038
3157.000,189420.000,9.037
3158.000,189480.000,9.744
3159.000,189540.000,9.471
3160.000,189600.000,9.242
3161.000,189660.000,9.116
3162.000,189720.000,9.194
3163.000,189780.000,9.219
3164.000,189840.000,9.872
3165.000,189900.000,9.829
3166.000,189960.000,9.945
3167.000,190020.000,9.549
3168.000,190080.000,9.685
3169.000,190140.000,9.252
3170.000,190200.000,9.290
3171.000,190260.000,9.951
3172.000,190320.000,9.443
3173.000,190380.000,9.839
3174.000,190440.000,9.936
3175.000,190500.000,9.092
3176.000,190560.000,9.284
3177.000,190620.000,9.343
3178.000,190680.000,9.607
3179.000,190740.000,9.511
3180.000,190800.000,9.028
3181.000,190860.000,9.623
3182.000,190920.000,9.912
3183.000,190980.000,9.312
3184.000,191040.000,9.685
3185.000,191100.000,9.138
3186.000,191160.000,9.946
3187.000,191220.000,9.538
3188.000,191280.000,9.388
3189.000,191340.000,9.298
3190.000,191400.000,9.869
3191.000,191460.000,9.259
3192.000,191520.000,9.301
3193.000,191580.000,9.112
3194.000,191640.000,9.489
3195.000,191700.000,9.550
3196.000,191760.000,9.484
3197.000,191820.000,9.739
3198.000,191880.000,9.865
3199.000,191940.000,9.073
3200.000,192000.000,9.746
3201.000,192060.000,9.799
3202.000,192120.000,9.487
3203.000,192180.000,9.443
3204.000,192240.000,9.815
3205.000,192300.000,9.460
3206.000,192360.000,9.547
3207.000,192420.000,9.141
3208.000,192480.000,9.633
3209.000,192540.000,9.372
3210.000,192600.000,9.243
3211.000,192660.000,9.636
3212.000,192720.000,9.373
3213.000,192780.000,9.110
3214.000,192840.000,9.332
3215.000,192900.000,9.327
3216.000,192960.000,9.002
3217.000,193020.000,9.368
3218.000,193080.000,9.261
3219.000,193140.000,9.853
3220.000,193200.000,9.056
3221.000,193260.000,9.446
3222.000,193320.000,9.950
3223.000,193380.000,9.423
3224.000,193440.000,9.423
3225.000,193500.000,9.354
3226.000,193560.000,9.403
3227.000,193620.000,9.668
3228.000,193680.000,9.191
3229.000,193740.000,9.320
3230.000,193800.000,9.783
3231.000,193860.000,9.339
3232.000,193920.000,9.729
3233.000,193980.000,9.399
3234.000,194040.000,9.661
3235.000,194100.000,9.271
3236.000,194160.000,9.815
3237.000,194220.000,9.086
3238.000,194280.000,9.694
3239.000,194340.000,9.926
3240.000,194400.000,9.646
3241.000,194460.000,9.738
3242.000,194520.000,9.925
3243.000,194580.000,9.778
3244.000,194640.000,9.054
3245.000,194700.000,9.863
3246.000,194760.000,9.043
3247.000,194820.000,9.255
3248.000,194880.000,9.951
3249.000,194940.000,9.178
3250.000,195000.000,9.526
3251.000,195060.000,9.673
3252.000,195120.000,9.652
3253.000,195180.000,9.342
3254.000,195240.000,9.515
3255.000,195300.000,9.964
3256.000,195360.000,9.949
3257.000,195420.000,9.108
3258.000,195480.000,9.974
3259.000,195540.000,9.922
3260.000,195600.000,9.343
3261.000,195660.000,9.578
3262.000,195720.000,9.106
3263.000,195780.000,9.908
3264.000,195840.000,9.079
3265.000,195900.000,9.845
3266.000,195960.000,9.411
3267.000,196020.000,9.069
3268.000,196080.000,9.845
3269.000,196140.000,9.145
3270.000,196200.000,9.249
3271.000,196260.000,9.099
3272.000,196320.000,9.255
3273.000,196380.000,9.147
3274.000,196440.000,9.352
3275.000,196500.000,9.753
3276.000,196560.000,9.630
3277.000,196620.000,9.716
3278.000,196680.000,9.153
3279.000,196740.000,9.601
3280.000,196800.000,9.928
3281.000,196860.000,9.833
3282.000,196920.000,9.585
3283.000,196980.000,9.439
3284.000,197040.000,9.615
3285.000,197100.000,9.483
3286.000,197160.000,9.733
3287.000,197220.000,9.896
3288.000,197280.000,9.308
3289.000,197340.000,9.641
3290.000,197400.000,9.638
3291.000,197460.000,9.405
3292.000,197520.000,9.710
3293.000,197580.000,9.052
3294.000,197640.000,9.573
3295.000,197700.000,9.898
3296.000,197760.000,9.861
3297.000,197820.000,9.050
3298.000,197880.000,9.445
3299.000,197940.000,9.086
3300.000,198000.000,9.549
3301.000,198060.000,9.393
3302.000,198120.000,9.870
3303.000,198180.000,9.268
3304.000,198240.000,9.113
3305.000,198300.000,9.477
3306.000,198360.000,9.977
3307.000,198420.000,9.084
3308.000,198480.000,9.357
3309.000,198540.000,9.566
3310.000,198600.000,9.128
3311.000,198660.000,9.945
3312.000,198720.000,9.663
3313.000,198780.000,9.185
3314.000,198840.000,9.037
3315.000,198900.000,9.389
3316.000,198960.000,9.109
3317.000,199020.000,9.703
3318.000,199080.000,9.565
3319.000,199140.000,9.572
3320.000,199200.000,9.236
3321.000,199260.000,9.980
3322.000,199320.000,9.956
3323.000,199380.000,9.721
3324.000,199440.000,9.727
3325.000,199500.000,9.108
3326.000,199560.000,9.906
3327.000,199620.000,9.582
3328.000,199680.000,9.661
3329.000,199740.000,9.826
3330.000,199800.000,9.684
3331.000,199860.000,9.150
3332.000,199920.000,9.923
3333.000,199980.000,9.443
3334.000,200040.000,9.986
3335.000,200100.000,9.579
3336.000,200160.000,9.050
3337.000,200220.000,9.233
3338.000,200280.000,9.651
3339.000,200340.000,9.067
3340.000,200400.000,9.382
3341.000,200460.000,9.411
3342.000,200520.000,9.604
3343.000,200580.000,9.700
3344.000,200640.000,9.492
3345.000,200700.000,9.721
3346.000,200760.000,9.535
3347.000,200820.000,9.068
3348.000,200880.000,9.182
3349.000,200940.000,9.283
3350.000,201000.000,9.307
3351.000,201060.000,9.199
3352.000,201120.000,9.351
3353.000,201180.000,9.257
3354.000,201240.000,9.405
3355.000,201300.000,9.416
3356.000,201360.000,9.347
3357.000,201420.000,9.306
3358.000,201480.000,9.805
3359.000,201540.000,9.152
3360.000,201600.000,9.512
3361.000,201660.000,9.806
3362.000,201720.000,9.465
3363.000,201780.000,9.320
3364.000,201840.000,9.668
3365.000,201900.000,9.012
3366.000,201960.000,9.225
3367.000,202020.000,9.599
3368.000,202080.000,9.771
3369.000,202140.000,9.146
3370.000,202200.000,9.610
3371.000,202260.000,9.210
3372.000,202320.000,9.286
3373.000,202380.000,9.030
3374.000,202440.000,9.948
3375.000,202500.000,9.607
3376.000,202560.000,9.301
3377.000,202620.000,9.045
3378.000,202680.000,9.425
3379.000,202740.000,9.047
3380.000,202800.000,9.870
3381.000,202860.000,9.507
3382.000,202920.000,9.419
3383.000,202980.000,9.883
3384.000,203040.000,9.822
3385.000,203100.000,9.094
3386.000,203160.000,9.622
3387.000,203220.000,9.325
3388.000,203280.000,9.665
3389.000,203340.000,9.652
3390.000,203400.000,9.385
3391.000,203460.000,9.946
3392.000,203520.000,9.792
3393.000,203580.000,9.470
3394.000,203640.000,9.671
3395.000,203700.000,9.256
3396.000,203760.000,9.019
3397.000,203820.000,9.849
3398.000,203880.000,9.602
3399.000,203940.000,9.039
3400.000,204000.000,9.095
3401.000,204060.000,9.577
3402.000,204120.000,9.902
3403.000,204180.000,9.596
3404.000,204240.000,9.402
3405.000,204300.000,9.630
3406.000,204360.000,9.100
3407.000,204420.000,9.233
3408.000,204480.000,9.850
3409.000,204540.000,9.512
3410.000,204600.000,9.213
3411.000,204660.000,9.110
3412.000,204720.000,9.218
3413.000,204780.000,9.126
3414.000,204840.000,9.441
3415.000,204900.000,9.542
3416.000,204960.000,9.183
3417.000,205020.000,9.022
3418.000,205080.000,9.485
3419.000,205140.000,9.975
3420.000,205200.000,9.841
3421.000,205260.000,9.639
3422.000,205320.000,9.147
3423.000,205380.000,9.391
3424.000,205440.000,9.274
3425.000,205500.000,9.739
3426.000,205560.000,9.400
3427.000,205620.000,9.415
3428.000,205680.000,9.742
3429.000,205740.000,9.587
3430.000,205800.000,9.632
3431.000,205860.000,9.012
3432.000,205920.000,10.000
3433.000,205980.000,9.315
3434.000,206040.000,9.103
3435.000,206100.000,9.932
3436.000,206160.000,9.455
3437.000,206220.000,9.139
3438.000,206280.000,9.321
3439.000,206340.000,9.686
3440.000,206400.000,9.669
3441.000,206460.000,9.167
3442.000,206520.000,9.049
3443.000,206580.000,9.262
3444.000,206640.000,9.571
3445.000,206700.000,9.005
3446.000,206760.000,9.166
3447.000,206820.000,9.715
3448.000,206880.000,9.512
3449.000,206940.000,9.165
3450.000,207000.000,9.829
3451.000,207060.000,9.221
3452.000,207120.000,9.666
3453.000,207180.000,9.638
3454.000,207240.000,9.376
3455.000,207300.000,9.281
3456.000,207360.000,9.624
3457.000,207420.000,9.370
3458.000,207480.000,9.786
3459.000,207540.000,9.912
3460.000,207600.000,9.240
3461.000,207660.000,9.290
3462.000,207720.000,9.794
3463.000,207780.000,9.853
3464.000,207840.000,9.329
3465.000,207900.000,9.011
3466.000,207960.000,9.295
3467.000,208020.000,9.770
3468.000,208080.000,9.952
3469.000,208140.000,9.483
3470.000,208200.000,9.743
3471.000,208260.000,9.875
3472.000,208320.000,9.528
3473.000,208380.000,9.776
3474.000,208440.000,9.476
3475.000,208500.000,9.505
3476.000,208560.000,9.831
3477.000,208620.000,9.487
3478.000,208680.000,9.869
3479.000,208740.000,9.037
3480.000,208800.000,9.428
3481.000,208860.000,9.666
3482.000,208920.000,9.394
3483.000,208980.000,9.011
3484.000,209040.000,9.058
3485.000,209100.000,9.463
3486.000,209160.000,9.630
3487.000,209220.000,9.918
3488.000,209280.000,9.682
3489.000,209340.000,9.552
3490.000,209400.000,9.061
3491.000,209460.000,9.688
3492.000,209520.000,9.753
3493.000,209580.000,9.403
3494.000,209640.000,9.806
3495.000,209700.000,9.728
3496.000,209760.000,9.510
3497.000,209820.000,9.032
3498.000,209880.000,9.729
3499.000,209940.000,9.087
3500.000,210000.000,9.191
3501.000,210060.000,9.484
3502.000,210120.000,9.810
3503.000,210180.000,9.213
3504.000,210240.000,9.718
3505.000,210300.000,9.630
3506.000,210360.000,9.311
3507.000,210420.000,9.294
3508.000,210480.000,9.344
3509.000,210540.000,9.126
3510.000,210600.000,9.151
3511.000,210660.000,9.387
3512.000,210720.000,9.943
3513.000,210780.000,9.262
3514.000,210840.000,9.931
3515.000,210900.000,9.219
3516.000,210960.000,9.126
3517.000,211020.000,9.218
3518.000,211080.000,9.461
3519.000,211140.000,9.892
3520.000,211200.000,9.896
3521.000,211260.000,9.774
3522.000,211320.000,9.204
3523.000,211380.000,9.355
3524.000,211440.000,9.635
3525.000,211500.000,9.370
3526.000,211560.000,9.732
3527.000,211620.000,9.175
3528.000,211680.000,9.200
3529.000,211740.000,9.587
3530.000,211800.000,9.351
3531.000,211860.000,9.322
3532.000,211920.000,9.930
3533.000,211980.000,9.136
3534.000,212040.000,9.472
3535.000,212100.000,9.996
3536.000,212160.000,9.021
3537.000,212220.000,9.872
3538.000,212280.000,9.452
3539.000,212340.000,9.440
3540.000,212400.000,9.625
3541.000,212460.000,9.219
3542.000,212520.000,9.394
3543.000,212580.000,9.052
3544.000,212640.000,9.829
3545.000,212700.000,9.062
3546.000,212760.000,9.679
3547.000,212820.000,9.880
3548.000,212880.000,9.485
3549.000,212940.000,9.431
3550.000,213000.000,9.072
3551.000,213060.000,9.977
3552.000,213120.000,9.999
3553.000,213180.000,9.833
3554.000,213240.000,9.416
3555.000,213300.000,9.783
3556.000,213360.000,9.442
3557.000,213420.000,9.164
3558.000,213480.000,9.980
3559.000,213540.000,9.948
3560.000,213600.000,9.176
3561.000,213660.000,9.905
3562.000,213720.000,9.215
3563.000,213780.000,9.738
3564.000,213840.000,9.382
3565.000,213900.000,9.149
3566.000,213960.000,9.349
3567.000,214020.000,9.413
3568.000,214080.000,9.649
3569.000,214140.000,9.706
3570.000,214200.000,9.932
3571.000,214260.000,9.210
3572.000,214320.000,9.336
3573.000,214380.000,9.558
3574.000,214440.000,9.876
3575.000,214500.000,9.276
3576.000,214560.000,9.924
3577.000,214620.000,9.502
3578.000,214680.000,9.415
3579.000,214740.000,9.737
3580.000,214800.000,9.398
3581.000,214860.000,9.291
3582.000,214920.000,9.970
3583.000,214980.000,9.970
3584.000,215040.000,9.572
3585.000,215100.000,9.744
3586.000,215160.000,9.213
3587.000,215220.000,9.250
3588.000,215280.000,9.176
3589.000,215340.000,9.745
3590.000,215400.000,9.143
3591.000,215460.000,9.346
3592.000,215520.000,9.878
3593.000,215580.000,9.825
3594.000,215640.000,9.669
3595.000,215700.000,9.116
3596.000,215760.000,9.078
3597.000,215820.000,9.053
3598.000,215880.000,9.196
3599.000,215940.000,9.501
3600.000,216000.000,9.125
3601.000,216060.000,9.146
3602.000,216120.000,9.308
3603.000,216180.000,9.295
3604.000,216240.000,9.837
3605.000,216300.000,9.829
3606.000,216360.000,9.566
3607.000,216420.000,9.488
3608.000,216480.000,9.166
3609.000,216540.000,9.331
3610.000,216600.000,9.708
3611.000,216660.000,9.328
3612.000,216720.000,9.445
3613.000,216780.000,9.607
3614.000,216840.000,9.259
3615.000,216900.000,9.524
3616.000,216960.000,9.267
3617.000,217020.000,9.257
3618.000,217080.000,9.652
3619.000,217140.000,9.900
3620.000,217200.000,9.619
3621.000,217260.000,9.923
3622.000,217320.000,9.080
3623.000,217380.000,9.333
3624.000,217440.000,9.575
3625.000,217500.000,9.023
3626.000,217560.000,9.032
3627.000,217620.000,9.029
3628.000,217680.000,9.284
3629.000,217740.000,9.815
3630.000,217800.000,9.801
3631.000,217860.000,9.824
3632.000,217920.000,9.460
3633.000,217980.000,9.834
3634.000,218040.000,9.526
3635.000,218100.000,9.792
3636.000,218160.000,9.909
3637.000,218220.000,9.531
3638.000,218280.000,9.729
3639.000,218340.000,9.893
3640.000,218400.000,9.541
3641.000,218460.000,9.714
3642.000,218520.000,9.069
3643.000,218580.000,9.814
3644.000,218640.000,9.890
3645.000,218700.000,9.433
3646.000,218760.000,9.966
3647.000,218820.000,9.787
3648.000,218880.000,9.948
3649.000,218940.000,9.379
3650.000,219000.000,9.510
3651.000,219060.000,9.155
3652.000,219120.000,9.264
3653.000,219180.000,9.852
3654.000,219240.000,9.599
3655.000,219300.000,9.351
3656.000,219360.000,9.026
3657.000,219420.000,9.465
3658.000,219480.000,9.400
3659.000,219540.000,9.122
3660.000,219600.000,9.967
3661.000,219660.000,9.036
3662.000,219720.000,9.670
3663.000,219780.000,9.211
3664.000,219840.000,9.960
3665.000,219900.000,9.813
3666.000,219960.000,9.226
3667.000,220020.000,9.730
3668.000,220080.000,9.390
3669.000,220140.000,9.850
3670.000,220200.000,9.887
3671.000,220260.000,9.286
3672.000,220320.000,9.605
3673.000,220380.000,9.222
3674.000,220440.000,9.677
3675.000,220500.000,9.921
3676.000,220560.000,9.777
3677.000,220620.000,9.955
3678.000,220680.000,9.279
3679.000,220740.000,9.753
3680.000,220800.000,9.050
3681.000,220860.000,9.081
3682.000,220920.000,9.341
3683.000,220980.000,9.348
3684.000,221040.000,9.738
3685.000,221100.000,9.335
3686.000,221160.000,9.519
3687.000,221220.000,9.371
3688.000,221280.000,9.289
3689.000,221340.000,9.289
3690.000,221400.000,9.244
3691.000,221460.000,9.282
3692.000,221520.000,9.872
3693.000,221580.000,9.288
3694.000,221640.000,9.848
3695.000,221700.000,9.014
3696.000,221760.000,9.145
3697.000,221820.000,9.842
3698.000,221880.000,9.148
3699.000,221940.000,9.658
3700.000,222000.000,9.947
3701.000,222060.000,9.860
3702.000,222120.000,9.212
3703.000,222180.000,9.847
3704.000,222240.000,9.186
3705.000,222300.000,9.769
3706.000,222360.000,9.300
3707.000,222420.000,9.430
3708.000,222480.000,9.816
3709.000,222540.000,9.091
3710.000,222600.000,9.987
3711.000,222660.000,9.333
3712.000,222720.000,9.069
3713.000,222780.000,9.312
3714.000,222840.000,9.623
3715.000,222900.000,9.753
3716.000,222960.000,9.635
3717.000,223020.000,9.801
3718.000,223080.000,9.677
3719.000,223140.000,9.800
3720.000,223200.000,9.021
3721.000,223260.000,9.573
3722.000,223320.000,9.518
3723.000,223380.000,9.212
3724.000,223440.000,9.976
3725.000,223500.000,9.655
3726.000,223560.000,9.311
3727.000,223620.000,9.893
3728.000,223680.000,9.715
3729.000,223740.000,9.556
3730.000,223800.000,9.708
3731.000,223860.000,9.468
3732.000,223920.000,9.482
3733.000,223980.000,9.072
3734.000,224040.000,9.945
3735.000,224100.000,9.923
3736.000,224160.000,9.536
3737.000,224220.000,9.202
3738.000,224280.000,9.581
3739.000,224340.000,9.591
3740.000,224400.000,9.525
3741.000,224460.000,9.385
3742.000,224520.000,9.304
3743.000,224580.000,9.571
3744.000,224640.000,9.621
3745.000,224700.000,9.218
3746.000,224760.000,9.990
3747.000,224820.000,9.223
3748.000,224880.000,9.190
3749.000,224940.000,9.446
3750.000,225000.000,9.813
3751.000,225060.000,9.044
3752.000,225120.000,9.001
3753.000,225180.000,9.346
3754.000,225240.000,9.644
3755.000,225300.000,9.454
3756.000,225360.000,9.326
3757.000,225420.000,9.855
3758.000,225480.000,9.822
3759.000,225540.000,9.731
3760.000,225600.000,9.346
3761.000,225660.000,9.327
3762.000,225720.000,9.490
3763.000,225780.000,9.353
3764.000,225840.000,9.836
3765.000,225900.000,9.888
3766.000,225960.000,9.429
3767.000,226020.000,9.854
3768.000,226080.000,9.113
3769.000,226140.000,9.917
3770.000,226200.000,9.174
3771.000,226260.000,9.800
3772.000,226320.000,9.443
3773.000,226380.000,9.523
3774.000,226440.000,9.828
3775.000,226500.000,9.919
3776.000,226560.000,9.485
3777.000,226620.000,9.355
3778.000,226680.000,9.518
3779.000,226740.000,9.248
3780.000,226800.000,9.957
3781.000,226860.000,9.610
3782.000,226920.000,9.517
3783.000,226980.000,9.271
3784.000,227040.000,9.882
3785.000,227100.000,9.602
3786.000,227160.000,9.320
3787.000,227220.000,9.791
3788.000,227280.000,9.712
3789.000,227340.000,9.723
3790.000,227400.000,9.771
3791.000,227460.000,9.570
3792.000,227520.000,9.245
3793.000,227580.000,9.188
3794.000,227640.000,9.120
3795.000,227700.000,9.432
3796.000,227760.000,9.588
3797.000,227820.000,9.591
3798.000,227880.000,9.991
3799.000,227940.000,9.228
3800.000,228000.000,9.494
3801.000,228060.000,9.985
3802.000,228120.000,9.908
3803.000,228180.000,9.661
3804.000,228240.000,9.643
3805.000,228300.000,9.126
3806.000,228360.000,9.739
3807.000,228420.000,9.932
3808.000,228480.000,9.734
3809.000,228540.000,9.571
3810.000,228600.000,9.265
3811.000,228660.000,9.115
3812.000,228720.000,9.053
3813.000,228780.000,9.019
3814.000,228840.000,9.236
3815.000,228900.000,9.963
3816.000,228960.000,9.839
3817.000,229020.000,9.133
3818.000,229080.000,9.671
3819.000,229140.000,9.408
3820.000,229200.000,9.559
3821.000,229260.000,9.647
3822.000,229320.000,9.108
3823.000,229380.000,9.733
3824.000,229440.000,9.595
3825.000,229500.000,9.079
3826.000,229560.000,9.290
3827.000,229620.000,9.775
3828.000,229680.000,9.094
3829.000,229740.000,9.286
3830.000,229800.000,9.190
3831.000,229860.000,9.238
3832.000,229920.000,9.261
3833.000,229980.000,9.783
3834.000,230040.000,9.281
3835.000,230100.000,9.819
3836.000,230160.000,9.605
3837.000,230220.000,9.132
3838.000,230280.000,9.014
3839.000,230340.000,9.434
3840.000,230400.000,9.513
3841.000,230460.000,9.420
3842.000,230520.000,9.854
3843.000,230580.000,9.926
3844.000,230640.000,9.398
3845.000,230700.000,9.612
3846.000,230760.000,9.583
3847.000,230820.000,9.709
3848.000,230880.000,9.074
3849.000,230940.000,9.356
3850.000,231000.000,9.502
3851.000,231060.000,9.556
3852.000,231120.000,9.474
3853.000,231180.000,9.388
3854.000,231240.000,9.839
3855.000,231300.000,9.232
3856.000,231360.000,9.931
3857.000,231420.000,9.137
3858.000,231480.000,9.878
3859.000,231540.000,9.746
3860.000,231600.000,9.246
3861.000,231660.000,9.776
3862.000,231720.000,9.610
3863.000,231780.000,9.240
3864.000,231840.000,9.878
3865.000,231900.000,9.278
3866.000,231960.000,9.445
3867.000,232020.000,9.247
3868.000,232080.000,9.989
3869.000,232140.000,9.255
3870.000,232200.000,9.060
3871.000,232260.000,9.851
3872.000,232320.000,9.564
3873.000,232380.000,9.905
3874.000,232440.000,9.537
3875.000,232500.000,9.127
3876.000,232560.000,9.274
3877.000,232620.000,9.423
3878.000,232680.000,9.170
3879.000,232740.000,9.138
3880.000,232800.000,9.098
3881.000,232860.000,9.890
3882.000,232920.000,9.596
3883.000,232980.000,9.664
3884.000,233040.000,9.857
3885.000,233100.000,9.779
3886.000,233160.000,9.055
3887.000,233220.000,9.175
3888.000,233280.000,9.327
3889.000,233340.000,9.011
3890.000,233400.000,9.322
3891.000,233460.000,9.473
3892.000,233520.000,9.610
3893.000,233580.000,9.195
3894.000,233640.000,9.887
3895.000,233700.000,9.229
3896.000,233760.000,9.073
3897.000,233820.000,9.503
3898.000,233880.000,9.202
3899.000,233940.000,9.562
3900.000,234000.000,9.074
3901.000,234060.000,9.354
3902.000,234120.000,9.966
3903.000,234180.000,9.022
3904.000,234240.000,9.722
3905.000,234300.000,9.217
3906.000,234360.000,9.939
3907.000,234420.000,9.339
3908.000,234480.000,9.235
3909.000,234540.000,9.726
3910.000,234600.000,9.364
3911.000,234660.000,9.777
3912.000,234720.000,9.720
3913.000,234780.000,9.490
3914.000,234840.000,9.470
3915.000,234900.000,9.591
3916.000,234960.000,9.526
3917.000,235020.000,9.376
3918.000,235080.000,9.082
3919.000,235140.000,9.167
3920.000,235200.000,9.051
3921.000,235260.000,9.866
3922.000,235320.000,9.727
3923.000,235380.000,9.458
3924.000,235440.000,9.510
3925.000,235500.000,9.669
3926.000,235560.000,9.654
3927.000,235620.000,9.882
3928.000,235680.000,9.874
3929.000,235740.000,9.686
3930.000,235800.000,9.763
3931.000,235860.000,9.856
3932.000,235920.000,9.773
3933.000,235980.000,9.597
3934.000,236040.000,9.573
3935.000,236100.000,9.117
3936.000,236160.000,9.110
3937.000,236220.000,9.945
3938.000,236280.000,9.196
3939.000,236340.000,9.376
3940.000,236400.000,9.229
3941.000,236460.000,9.896
3942.000,236520.000,9.638
3943.000,236580.000,9.691
3944.000,236640.000,9.294
3945.000,236700.000,9.295
3946.000,236760.000,9.543
3947.000,236820.000,9.023
3948.000,236880.000,9.641
3949.000,236940.000,9.046
3950.000,237000.000,9.736
3951.000,237060.000,9.027
3952.000,237120.000,9.398
3953.000,237180.000,9.996
3954.000,237240.000,9.601
3955.000,237300.000,9.963
3956.000,237360.000,9.569
3957.000,237420.000,9.612
3958.000,237480.000,9.450
3959.000,237540.000,9.950
3960.000,237600.000,9.601
3961.000,237660.000,9.766
3962.000,237720.000,9.994
3963.000,237780.000,9.421
3964.000,237840.000,9.812
3965.000,237900.000,9.449
3966.000,237960.000,9.717
3967.000,238020.000,9.404
3968.000,238080.000,9.937
3969.000,238140.000,9.211
3970.000,238200.000,9.968
3971.000,238260.000,9.642
3972.000,238320.000,9.723
3973.000,238380.000,9.631
3974.000,238440.000,9.082
3975.000,238500.000,9.783
3976.000,238560.000,9.499
3977.000,238620.000,9.584
3978.000,238680.000,9.855
3979.000,238740.000,9.688
3980.000,238800.000,9.258
3981.000,238860.000,9.830
3982.000,238920.000,9.004
3983.000,238980.000,9.884
3984.000,239040.000,9.951
3985.000,239100.000,9.623
3986.000,239160.000,9.292
3987.000,239220.000,9.951
3988.000,239280.000,9.523
3989.000,239340.000,9.844
3990.000,239400.000,9.025
3991.000,239460.000,9.023
3992.000,239520.000,9.253
3993.000,239580.000,9.211
3994.000,239640.000,9.478
3995.000,239700.000,9.401
3996.000,239760.000,9.667
3997.000,239820.000,9.022
3998.000,239880.000,9.988
3999.000,239940.000,9.016
4000.000,240000.000,9.650
4001.000,240060.000,9.390
4002.000,240120.000,9.041
4003.000,240180.000,9.033
4004.000,240240.000,9.671
4005.000,240300.000,9.104
4006.000,240360.000,9.434
4007.000,240420.000,9.244
4008.000,240480.000,9.828
4009.000,240540.000,9.319
4010.000,240600.000,9.365
4011.000,240660.000,9.973
4012.000,240720.000,9.396
4013.000,240780.000,9.814
4014.000,240840.000,9.640
4015.000,240900.000,9.736
4016.000,240960.000,9.319
4017.000,241020.000,9.620
4018.000,241080.000,9.764
4019.000,241140.000,9.907
4020.000,241200.000,9.634
4021.000,241260.000,9.640
4022.000,241320.000,9.123
4023.000,241380.000,9.071
4024.000,241440.000,9.710
4025.000,241500.000,9.575
4026.000,241560.000,9.264
4027.000,241620.000,9.844
4028.000,241680.000,9.976
4029.000,241740.000,9.881
4030.000,241800.000,9.981
4031.000,241860.000,9.905
4032.000,241920.000,9.970
4033.000,241980.000,9.905
4034.000,242040.000,9.579
4035.000,242100.000,9.456
4036.000,242160.000,9.995
4037.000,242220.000,9.335
4038.000,242280.000,9.483
4039.000,242340.000,9.653
4040.000,242400.000,9.134
4041.000,242460.000,9.053
4042.000,242520.000,9.958
4043.000,242580.000,9.061
4044.000,242640.000,9.736
4045.000,242700.000,9.018
4046.000,242760.000,9.829
4047.000,242820.000,9.101
4048.000,242880.000,9.900
4049.000,242940.000,9.608
4050.000,243000.000,9.784
4051.000,243060.000,9.959
4052.000,243120.000,9.460
4053.000,243180.000,9.914
4054.000,243240.000,9.254
4055.000,243300.000,9.070
4056.000,243360.000,9.061
4057.000,243420.000,9.910
4058.000,243480.000,9.880
4059.000,243540.000,9.058
4060.000,243600.000,9.148
4061.000,243660.000,9.724
4062.000,243720.000,9.676
4063.000,243780.000,9.913
4064.000,243840.000,9.177
4065.000,243900.000,9.244
4066.000,243960.000,9.755
4067.000,244020.000,9.824
4068.000,244080.000,9.820
4069.000,244140.000,9.924
4070.000,244200.000,9.858
4071.000,244260.000,9.794
4072.000,244320.000,9.914
4073.000,244380.000,9.334
4074.000,244440.000,9.209
4075.000,244500.000,9.197
4076.000,244560.000,9.623
4077.000,244620.000,9.282
4078.000,244680.000,9.964
4079.000,244740.000,9.627
4080.000,244800.000,9.471
4081.000,244860.000,9.596
4082.000,244920.000,9.662
4083.000,244980.000,9.490
4084.000,245040.000,9.587
4085.000,245100.000,9.733
4086.000,245160.000,9.721
4087.000,245220.000,9.815
4088.000,245280.000,9.886
4089.000,245340.000,9.743
4090.000,245400.000,9.995
4091.000,245460.000,9.969
4092.000,245520.000,9.926
4093.000,245580.000,9.402
4094.000,245640.000,9.980
4095.000,245700.000,9.501
4096.000,245760.000,9.992
4097.000,245820.000,9.599
4098.000,245880.000,9.316
4099.000,245940.000,9.536
4100.000,246000.000,9.225
4101.000,246060.000,9.774
4102.000,246120.000,9.385
4103.000,246180.000,9.449
4104.000,246240.000,9.907
4105.000,246300.000,9.211
4106.000,246360.000,9.809
4107.000,246420.000,9.200
4108.000,246480.000,9.203
4109.000,246540.000,9.452
4110.000,246600.000,9.380
4111.000,246660.000,9.685
4112.000,246720.000,9.921
4113.000,246780.000,9.656
4114.000,246840.000,9.263
4115.000,246900.000,9.739
4116.000,246960.000,9.878
4117.000,247020.000,9.271
4118.000,247080.000,9.686
4119.000,247140.000,9.346
4120.000,247200.000,9.335
4121.000,247260.000,9.321
4122.000,247320.000,9.077
4123.000,247380.000,9.236
4124.000,247440.000,9.061
4125.000,247500.000,9.016
4126.000,247560.000,9.604
4127.000,247620.000,9.192
4128.000,247680.000,9.702
4129.000,247740.000,9.792
4130.000,247800.000,9.139
4131.000,247860.000,9.450
4132.000,247920.000,9.526
4133.000,247980.000,9.102
4134.000,248040.000,9.590
4135.000,248100.000,9.711
4136.000,248160.000,9.627
4137.000,248220.000,9.639
4138.000,248280.000,9.657
4139.000,248340.000,9.379
4140.000,248400.000,9.277
4141.000,248460.000,9.629
4142.000,248520.000,9.376
4143.000,248580.000,9.181
4144.000,248640.000,9.154
4145.000,248700.000,9.833
4146.000,248760.000,9.254
4147.000,248820.000,9.781
4148.000,248880.000,9.658
4149.000,248940.000,9.582
4150.000,249000.000,9.142
4151.000,249060.000,9.393
4152.000,249120.000,9.533
4153.000,249180.000,9.761
4154.000,249240.000,9.879
4155.000,249300.000,9.913
4156.000,249360.000,9.827
4157.000,249420.000,9.075
4158.000,249480.000,9.598
4159.000,249540.000,9.229
4160.000,249600.000,9.075
4161.000,249660.000,9.402
4162.000,249720.000,9.495
4163.000,249780.000,9.815
4164.000,249840.000,9.746
4165.000,249900.000,9.728
4166.000,249960.000,9.143
4167.000,250020.000,9.661
4168.000,250080.000,9.134
4169.000,250140.000,9.917
4170.000,250200.000,9.836
4171.000,250260.000,9.883
4172.000,250320.000,9.783
4173.000,250380.000,9.890
4174.000,250440.000,9.315
4175.000,250500.000,9.784
4176.000,250560.000,9.493
4177.000,250620.000,9.989
4178.000,250680.000,9.570
4179.000,250740.000,9.546
4180.000,250800.000,9.819
4181.000,250860.000,9.211
4182.000,250920.000,9.184
4183.000,250980.000,9.548
4184.000,251040.000,9.925
4185.000,251100.000,9.479
4186.000,251160.000,9.747
4187.000,251220.000,9.878
4188.000,251280.000,9.397
4189.000,251340.000,9.016
4190.000,251400.000,9.142
4191.000,251460.000,9.882
4192.000,251520.000,9.683
4193.000,251580.000,9.744
4194.000,251640.000,9.897
4195.000,251700.000,9.145
4196.000,251760.000,9.983
4197.000,251820.000,9.496
4198.000,251880.000,9.985
4199.000,251940.000,9.575
4200.000,252000.000,9.868
4201.000,252060.000,9.101
4202.000,252120.000,9.269
4203.000,252180.000,9.126
4204.000,252240.000,9.183
4205.000,252300.000,9.002
4206.000,252360.000,9.740
4207.000,252420.000,9.718
4208.000,252480.000,9.845
4209.000,252540.000,9.675
4210.000,252600.000,9.886
4211.000,252660.000,9.017
4212.000,252720.000,9.943
4213.000,252780.000,9.369
4214.000,252840.000,9.888
4215.000,252900.000,9.066
4216.000,252960.000,9.228
4217.000,253020.000,9.353
4218.000,253080.000,9.280
4219.000,253140.000,9.555
4220.000,253200.000,9.704
4221.000,253260.000,9.718
4222.000,253320.000,9.118
4223.000,253380.000,9.697
4224.000,253440.000,9.777
4225.000,253500.000,9.228
4226.000,253560.000,9.665
4227.000,253620.000,9.165
4228.000,253680.000,9.701
4229.000,253740.000,9.252
4230.000,253800.000,9.202
4231.000,253860.000,9.850
4232.000,253920.000,9.585
4233.000,253980.000,9.371
4234.000,254040.000,9.280
4235.000,254100.000,9.897
4236.000,254160.000,9.743
4237.000,254220.000,9.915
4238.000,254280.000,9.009
4239.000,254340.000,9.024
4240.000,254400.000,9.633
4241.000,254460.000,9.447
4242.000,254520.000,9.293
4243.000,254580.000,9.903
4244.000,254640.000,9.027
4245.000,254700.000,9.972
4246.000,254760.000,9.715
4247.000,254820.000,9.425
4248.000,254880.000,9.966
4249.000,254940.000,9.854
4250.000,255000.000,9.149
4251.000,255060.000,9.243
4252.000,255120.000,9.521
4253.000,255180.000,9.101
4254.000,255240.000,9.089
4255.000,255300.000,9.403
4256.000,255360.000,9.088
4257.000,255420.000,9.617
4258.000,255480.000,9.613
4259.000,255540.000,9.030
4260.000,255600.000,9.276
4261.000,255660.000,9.941
4262.000,255720.000,9.337
4263.000,255780.000,9.788
4264.000,255840.000,9.009
4265.000,255900.000,9.137
4266.000,255960.000,9.435
4267.000,256020.000,9.131
4268.000,256080.000,9.031
4269.000,256140.000,9.686
4270.000,256200.000,9.705
4271.000,256260.000,9.433
4272.000,256320.000,9.377
4273.000,256380.000,9.366
4274.000,256440.000,9.630
4275.000,256500.000,9.259
4276.000,256560.000,9.929
4277.000,256620.000,9.194
4278.000,256680.000,9.817
4279.000,256740.000,9.526
4280.000,256800.000,9.070
4281.000,256860.000,9.913
4282.000,256920.000,9.148
4283.000,256980.000,9.457
4284.000,257040.000,9.873
4285.000,257100.000,9.773
4286.000,257160.000,9.064
4287.000,257220.000,9.089
4288.000,257280.000,9.151
4289.000,257340.000,9.266
4290.000,257400.000,9.675
4291.000,257460.000,9.678
4292.000,257520.000,9.150
4293.000,257580.000,9.530
4294.000,257640.000,9.435
4295.000,257700.000,9.870
4296.000,257760.000,9.194
4297.000,257820.000,9.642
4298.000,257880.000,9.119
4299.000,257940.000,9.572
4300.000,258000.000,9.641
4301.000,258060.000,9.453
4302.000,258120.000,9.347
4303.000,258180.000,9.305
4304.000,258240.000,9.127
4305.000,258300.000,9.031
4306.000,258360.000,9.951
4307.000,258420.000,9.866
4308.000,258480.000,9.367
4309.000,258540.000,9.995
4310.000,258600.000,9.525
4311.000,258660.000,9.807
4312.000,258720.000,9.109
4313.000,258780.000,9.204
4314.000,258840.000,9.839
4315.000,258900.000,9.563
4316.000,258960.000,9.991
4317.000,259020.000,9.402
4318.000,259080.000,9.532
4319.000,259140.000,9.827
4320.000,259200.000,9.461
4321.000,259260.000,9.235
4322.000,259320.000,9.695
4323.000,259380.000,9.193
4324.000,259440.000,9.177
4325.000,259500.000,9.167
4326.000,259560.000,9.944
4327.000,259620.000,9.819
4328.000,259680.000,9.323
4329.000,259740.000,9.863
4330.000,259800.000,9.125
4331.000,259860.000,9.212
4332.000,259920.000,9.137
4333.000,259980.000,9.760
4334.000,260040.000,9.844
4335.000,260100.000,9.984
4336.000,260160.000,9.020
4337.000,260220.000,9.324
4338.000,260280.000,9.851
4339.000,260340.000,9.945
4340.000,260400.000,9.693
4341.000,260460.000,9.004
4342.000,260520.000,9.077
4343.000,260580.000,9.978
4344.000,260640.000,9.921
4345.000,260700.000,9.155
4346.000,260760.000,9.855
4347.000,260820.000,9.928
4348.000,260880.000,9.706
4349.000,260940.000,9.896
4350.000,261000.000,9.536
4351.000,261060.000,9.495
4352.000,261120.000,9.071
4353.000,261180.000,9.906
4354.000,261240.000,9.179
4355.000,261300.000,9.802
4356.000,261360.000,9.187
4357.000,261420.000,9.577
4358.000,261480.000,9.191
4359.000,261540.000,9.243
4360.000,261600.000,9.845
4361.000,261660.000,9.522
4362.000,261720.000,9.577
4363.000,261780.000,9.988
4364.000,261840.000,9.627
4365.000,261900.000,9.989
4366.000,261960.000,9.516
4367.000,262020.000,9.048
4368.000,262080.000,9.633
4369.000,262140.000,9.604
4370.000,262200.000,9.934
4371.000,262260.000,9.448
4372.000,262320.000,9.178
4373.000,262380.000,9.971
4374.000,262440.000,9.068
4375.000,262500.000,9.478
4376.000,262560.000,9.385
4377.000,262620.000,9.114
4378.000,262680.000,9.391
4379.000,262740.000,9.986
4380.000,262800.000,9.853
4381.000,262860.000,9.982
4382.000,262920.000,9.035
4383.000,262980.000,9.403
4384.000,263040.000,9.013
4385.000,263100.000,9.948
4386.000,263160.000,9.231
4387.000,263220.000,9.172
4388.000,263280.000,9.747
4389.000,263340.000,9.320
4390.000,263400.000,9.745
4391.000,263460.000,9.317
4392.000,263520.000,9.719
4393.000,263580.000,9.578
4394.000,263640.000,9.892
4395.000,263700.000,9.985
4396.000,263760.000,9.789
4397.000,263820.000,9.986
4398.000,263880.000,9.019
4399.000,263940.000,9.256
4400.000,264000.000,9.013
4401.000,264060.000,9.329
4402.000,264120.000,9.677
4403.000,264180.000,9.222
4404.000,264240.000,9.717
4405.000,264300.000,9.176
4406.000,264360.000,9.056
4407.000,264420.000,9.829
4408.000,264480.000,9.380
4409.000,264540.000,9.892
4410.000,264600.000,9.145
4411.000,264660.000,9.996
4412.000,264720.000,9.318
4413.000,264780.000,9.239
4414.000,264840.000,9.352
4415.000,264900.000,9.064
4416.000,264960.000,9.779
4417.000,265020.000,9.638
4418.000,265080.000,9.081
4419.000,265140.000,9.893
4420.000,265200.000,9.905
4421.000,265260.000,9.098
4422.000,265320.000,9.365
4423.000,265380.000,9.016
4424.000,265440.000,9.450
4425.000,265500.000,9.805
4426.000,265560.000,9.929
4427.000,265620.000,9.467
4428.000,265680.000,9.697
4429.000,265740.000,9.132
4430.000,265800.000,9.445
4431.000,265860.000,9.318
4432.000,265920.000,9.058
4433.000,265980.000,9.585
4434.000,266040.000,9.539
4435.000,266100.000,9.515
4436.000,266160.000,9.490
4437.000,266220.000,9.069
4438.000,266280.000,9.506
4439.000,266340.000,9.907
4440.000,266400.000,9.838
4441.000,266460.000,9.328
4442.000,266520.000,9.059
4443.000,266580.000,9.255
4444.000,266640.000,9.866
4445.000,266700.000,9.092
4446.000,266760.000,9.003
4447.000,266820.000,9.727
4448.000,266880.000,9.246
4449.000,266940.000,9.278
4450.000,267000.000,9.701
4451.000,267060.000,9.315
4452.000,267120.000,9.617
4453.000,267180.000,9.463
4454.000,267240.000,9.725
4455.000,267300.000,9.718
4456.000,267360.000,9.940
4457.000,267420.000,9.899
4458.000,267480.000,9.331
4459.000,267540.000,9.608
4460.000,267600.000,9.282
4461.000,267660.000,9.712
4462.000,267720.000,9.545
4463.000,267780.000,9.286
4464.000,267840.000,9.910
4465.000,267900.000,9.843
4466.000,267960.000,9.386
4467.000,268020.000,9.090
4468.000,268080.000,9.159
4469.000,268140.000,9.650
4470.000,268200.000,9.277
4471.000,268260.000,9.468
4472.000,268320.000,9.748
4473.000,268380.000,9.103
4474.000,268440.000,9.089
4475.000,268500.000,9.405
4476.000,268560.000,9.362
4477.000,268620.000,9.063
4478.000,268680.000,9.395
4479.000,268740.000,9.447
4480.000,268800.000,9.288
4481.000,268860.000,9.415
4482.000,268920.000,9.648
4483.000,268980.000,9.916
4484.000,269040.000,9.901
4485.000,269100.000,9.567
4486.000,269160.000,9.737
4487.000,269220.000,9.663
4488.000,269280.000,9.666
4489.000,269340.000,9.887
4490.000,269400.000,9.493
4491.000,269460.000,9.215
4492.000,269520.000,9.922
4493.000,269580.000,9.022
4494.000,269640.000,9.578
4495.000,269700.000,9.501
4496.000,269760.000,9.312
4497.000,269820.000,9.432
4498.000,269880.000,9.863
4499.000,269940.000,9.922
4500.000,270000.000,9.904
4501.000,270060.000,9.697
4502.000,270120.000,9.581
4503.000,270180.000,9.475
4504.000,270240.000,9.863
4505.000,270300.000,9.647
4506.000,270360.000,9.861
4507.000,270420.000,9.679
4508.000,270480.000,9.557
4509.000,270540.000,9.504
4510.000,270600.000,9.827
4511.000,270660.000,9.171
4512.000,270720.000,9.096
4513.000,270780.000,9.163
4514.000,270840.000,9.657
4515.000,270900.000,9.863
4516.000,270960.000,9.006
4517.000,271020.000,9.507
4518.000,271080.000,9.839
4519.000,271140.000,9.093
4520.000,271200.000,9.088
4521.000,271260.000,9.170
4522.000,271320.000,9.162
4523.000,271380.000,9.646
4524.000,271440.000,9.609
4525.000,271500.000,9.978
4526.000,271560.000,9.977
4527.000,271620.000,9.299
4528.000,271680.000,9.041
4529.000,271740.000,9.101
4530.000,271800.000,9.264
4531.000,271860.000,9.845
4532.000,271920.000,9.778
4533.000,271980.000,9.950
4534.000,272040.000,9.486
4535.000,272100.000,9.101
4536.000,272160.000,9.483
4537.000,272220.000,9.635
4538.000,272280.000,9.408
4539.000,272340.000,9.697
4540.000,272400.000,9.672
4541.000,272460.000,9.781
4542.000,272520.000,9.616
4543.000,272580.000,9.879
4544.000,272640.000,9.814
4545.000,272700.000,9.900
4546.000,272760.000,9.429
4547.000,272820.000,9.795
4548.000,272880.000,9.535
4549.000,272940.000,9.951
4550.000,273000.000,9.298
4551.000,273060.000,9.087
4552.000,273120.000,9.931
4553.000,273180.000,9.141
4554.000,273240.000,9.612
4555.000,273300.000,9.343
4556.000,273360.000,9.527
4557.000,273420.000,9.700
4558.000,273480.000,9.346
4559.000,273540.000,9.123
4560.000,273600.000,9.845
4561.000,273660.000,9.212
4562.000,273720.000,9.758
4563.000,273780.000,9.915
4564.000,273840.000,9.308
4565.000,273900.000,9.582
4566.000,273960.000,9.805
4567.000,274020.000,9.681
4568.000,274080.000,9.415
4569.000,274140.000,9.976
4570.000,274200.000,9.579
4571.000,274260.000,9.800
4572.000,274320.000,9.253
4573.000,274380.000,9.006
4574.000,274440.000,9.006
4575.000,274500.000,9.004
4576.000,274560.000,9.769
4577.000,274620.000,9.415
4578.000,274680.000,9.789
4579.000,274740.000,9.032
4580.000,274800.000,9.098
4581.000,274860.000,9.364
4582.000,274920.000,9.227
4583.000,274980.000,9.676
4584.000,275040.000,9.368
4585.000,275100.000,9.785
4586.000,275160.000,9.398
4587.000,275220.000,9.640
4588.000,275280.000,9.827
4589.000,275340.000,9.124
4590.000,275400.000,9.199
4591.000,275460.000,9.452
4592.000,275520.000,9.842
4593.000,275580.000,9.930
4594.000,275640.000,9.099
4595.000,275700.000,9.904
4596.000,275760.000,9.605
4597.000,275820.000,9.535
4598.000,275880.000,9.392
4599.000,275940.000,9.188
4600.000,276000.000,9.781
4601.000,276060.000,9.082
4602.000,276120.000,9.859
4603.000,276180.000,9.719
4604.000,276240.000,9.661
4605.000,276300.000,9.917
4606.000,276360.000,9.663
4607.000,276420.000,9.821
4608.000,276480.000,9.260
4609.000,276540.000,9.474
4610.000,276600.000,9.740
4611.000,276660.000,9.660
4612.000,276720.000,9.662
4613.000,276780.000,9.820
4614.000,276840.000,9.975
4615.000,276900.000,9.127
4616.000,276960.000,9.928
4617.000,277020.000,9.971
4618.000,277080.000,9.864
4619.000,277140.000,9.390
4620.000,277200.000,9.980
4621.000,277260.000,9.209
4622.000,277320.000,9.811
4623.000,277380.000,9.622
4624.000,277440.000,9.728
4625.000,277500.000,9.620
4626.000,277560.000,9.889
4627.000,277620.000,9.281
4628.000,277680.000,9.554
4629.000,277740.000,9.030
4630.000,277800.000,9.597
4631.000,277860.000,9.781
4632.000,277920.000,9.489
4633.000,277980.000,9.634
4634.000,278040.000,9.189
4635.000,278100.000,9.294
4636.000,278160.000,9.102
4637.000,278220.000,9.518
4638.000,278280.000,9.516
4639.000,278340.000,9.736
4640.000,278400.000,9.064
4641.000,278460.000,9.998
4642.000,278520.000,9.133
4643.000,278580.000,9.625
4644.000,278640.000,9.177
4645.000,278700.000,9.660
4646.000,278760.000,9.379
4647.000,278820.000,9.276
4648.000,278880.000,9.110
4649.000,278940.000,9.119
4650.000,279000.000,9.075
4651.000,279060.000,9.965
4652.000,279120.000,9.023
4653.000,279180.000,9.005
4654.000,279240.000,9.165
4655.000,279300.000,9.353
4656.000,279360.000,9.223
4657.000,279420.000,9.415
4658.000,279480.000,9.520
4659.000,279540.000,9.436
4660.000,279600.000,9.028
4661.000,279660.000,9.851
4662.000,279720.000,9.540
4663.000,279780.000,9.471
4664.000,279840.000,9.767
4665.000,279900.000,9.612
4666.000,279960.000,9.509
4667.000,280020.000,9.575
4668.000,280080.000,9.825
4669.000,280140.000,9.106
4670.000,280200.000,9.545
4671.000,280260.000,9.088
4672.000,280320.000,9.479
4673.000,280380.000,9.487
4674.000,280440.000,9.666
4675.000,280500.000,9.816
4676.000,280560.000,9.612
4677.000,280620.000,9.930
4678.000,280680.000,9.597
4679.000,280740.000,9.736
4680.000,280800.000,9.590
4681.000,280860.000,9.685
4682.000,280920.000,9.558
4683.000,280980.000,9.360
4684.000,281040.000,9.136
4685.000,281100.000,9.129
4686.000,281160.000,9.206
4687.000,281220.000,9.345
4688.000,281280.000,9.523
4689.000,281340.000,9.003
4690.000,281400.000,9.898
4691.000,281460.000,9.798
4692.000,281520.000,9.534
4693.000,281580.000,9.800
4694.000,281640.000,9.293
4695.000,281700.000,9.234
4696.000,281760.000,9.016
4697.000,281820.000,9.871
4698.000,281880.000,9.474
4699.000,281940.000,9.741
4700.000,282000.000,9.877
4701.000,282060.000,9.980
4702.000,282120.000,9.901
4703.000,282180.000,9.736
4704.000,282240.000,9.242
4705.000,282300.000,9.540
4706.000,282360.000,9.792
4707.000,282420.000,9.877
4708.000,282480.000,9.807
4709.000,282540.000,9.568
4710.000,282600.000,9.322
4711.000,282660.000,9.841
4712.000,282720.000,9.301
4713.000,282780.000,9.029
4714.000,282840.000,9.673
4715.000,282900.000,9.868
4716.000,282960.000,9.441
4717.000,283020.000,9.098
4718.000,283080.000,9.636
4719.000,283140.000,9.295
4720.000,283200.000,9.986
4721.000,283260.000,9.175
4722.000,283320.000,9.432
4723.000,283380.000,9.215
4724.000,283440.000,9.931
4725.000,283500.000,9.281
4726.000,283560.000,9.240
4727.000,283620.000,9.668
4728.000,283680.000,9.826
4729.000,283740.000,9.665
4730.000,283800.000,9.266
4731.000,283860.000,9.646
4732.000,283920.000,9.846
4733.000,283980.000,9.991
4734.000,284040.000,9.345
4735.000,284100.000,9.050
4736.000,284160.000,9.917
4737.000,284220.000,9.455
4738.000,284280.000,9.853
4739.000,284340.000,9.777
4740.000,284400.000,9.102
4741.000,284460.000,9.796
4742.000,284520.000,9.426
4743.000,284580.000,9.458
4744.000,284640.000,9.478
4745.000,284700.000,9.692
4746.000,284760.000,9.409
4747.000,284820.000,9.499
4748.000,284880.000,9.714
4749.000,284940.000,9.193
4750.000,285000.000,9.330
4751.000,285060.000,9.879
4752.000,285120.000,9.141
4753.000,285180.000,9.897
4754.000,285240.000,9.059
4755.000,285300.000,9.603
4756.000,285360.000,9.829
4757.000,285420.000,9.183
4758.000,285480.000,9.022
4759.000,285540.000,9.643
4760.000,285600.000,9.913
4761.000,285660.000,9.024
4762.000,285720.000,9.358
4763.000,285780.000,9.075
4764.000,285840.000,9.261
4765.000,285900.000,9.907
4766.000,285960.000,9.042
4767.000,286020.000,9.053
4768.000,286080.000,9.585
4769.000,286140.000,9.822
4770.000,286200.000,9.967
4771.000,286260.000,9.472
4772.000,286320.000,9.211
4773.000,286380.000,9.638
4774.000,286440.000,9.478
4775.000,286500.000,9.431
4776.000,286560.000,9.454
4777.000,286620.000,9.755
4778.000,286680.000,9.189
4779.000,286740.000,9.437
4780.000,286800.000,9.912
4781.000,286860.000,9.340
4782.000,286920.000,9.289
4783.000,286980.000,9.386
4784.000,287040.000,9.552
4785.000,287100.000,9.663
4786.000,287160.000,9.564
4787.000,287220.000,9.662
4788.000,287280.000,9.942
4789.000,287340.000,9.709
4790.000,287400.000,9.108
4791.000,287460.000,9.432
4792.000,287520.000,9.824
4793.000,287580.000,9.289
4794.000,287640.000,9.047
4795.000,287700.000,9.788
4796.000,287760.000,9.501
4797.000,287820.000,9.400
4798.000,287880.000,9.577
4799.000,287940.000,9.138
4800.000,288000.000,9.373
4801.000,288060.000,9.531
4802.000,288120.000,9.900
4803.000,288180.000,9.804
4804.000,288240.000,9.313
4805.000,288300.000,9.026
4806.000,288360.000,9.362
4807.000,288420.000,9.421
4808.000,288480.000,9.136
4809.000,288540.000,9.814
4810.000,288600.000,9.479
4811.000,288660.000,9.371
4812.000,288720.000,9.495
4813.000,288780.000,9.701
4814.000,288840.000,9.240
4815.000,288900.000,9.463
4816.000,288960.000,9.417
4817.000,289020.000,9.433
4818.000,289080.000,9.119
4819.000,289140.000,9.183
4820.000,289200.000,9.180
4821.000,289260.000,9.847
4822.000,289320.000,9.864
4823.000,289380.000,9.836
4824.000,289440.000,9.560
4825.000,289500.000,9.339
4826.000,289560.000,9.443
4827.000,289620.000,9.703
4828.000,289680.000,9.065
4829.000,289740.000,9.496
4830.000,289800.000,9.071
4831.000,289860.000,9.268
4832.000,289920.000,9.770
4833.000,289980.000,9.987
4834.000,290040.000,9.422
4835.000,290100.000,9.185
4836.000,290160.000,9.391
4837.000,290220.000,9.878
4838.000,290280.000,9.868
4839.000,290340.000,9.317
4840.000,290400.000,9.975
4841.000,290460.000,9.093
4842.000,290520.000,9.294
4843.000,290580.000,9.697
4844.000,290640.000,9.137
4845.000,290700.000,9.850
4846.000,290760.000,9.389
4847.000,290820.000,9.976
4848.000,290880.000,9.018
4849.000,290940.000,9.847
4850.000,291000.000,9.216
4851.000,291060.000,9.544
4852.000,291120.000,9.241
4853.000,291180.000,9.470
4854.000,291240.000,9.787
4855.000,291300.000,9.351
4856.000,291360.000,9.311
4857.000,291420.000,9.536
4858.000,291480.000,9.119
4859.000,291540.000,9.274
4860.000,291600.000,9.943
4861.000,291660.000,9.676
4862.000,291720.000,9.275
4863.000,291780.000,9.589
4864.000,291840.000,9.795
4865.000,291900.000,9.819
4866.000,291960.000,9.960
4867.000,292020.000,9.075
4868.000,292080.000,9.692
4869.000,292140.000,9.414
4870.000,292200.000,9.042
4871.000,292260.000,9.554
4872.000,292320.000,9.028
4873.000,292380.000,9.350
4874.000,292440.000,9.483
4875.000,292500.000,9.794
4876.000,292560.000,9.291
4877.000,292620.000,9.570
4878.000,292680.000,9.331
4879.000,292740.000,9.370
4880.000,292800.000,9.207
4881.000,292860.000,9.803
4882.000,292920.000,9.327
4883.000,292980.000,9.674
4884.000,293040.000,9.606
4885.000,293100.000,9.799
4886.000,293160.000,9.013
4887.000,293220.000,9.011
4888.000,293280.000,9.384
4889.000,293340.000,9.969
4890.000,293400.000,9.949
4891.000,293460.000,9.335
4892.000,293520.000,9.542
4893.000,293580.000,9.235
4894.000,293640.000,9.695
4895.000,293700.000,9.199
4896.000,293760.000,9.856
4897.000,293820.000,9.058
4898.000,293880.000,9.902
4899.000,293940.000,9.027
4900.000,294000.000,9.133
4901.000,294060.000,9.558
4902.000,294120.000,9.625
4903.000,294180.000,9.638
4904.000,294240.000,9.156
4905.000,294300.000,9.064
4906.000,294360.000,9.254
4907.000,294420.000,9.461
4908.000,294480.000,9.856
4909.000,294540.000,9.861
4910.000,294600.000,9.489
4911.000,294660.000,9.410
4912.000,294720.000,9.089
4913.000,294780.000,9.384
4914.000,294840.000,9.381
4915.000,294900.000,9.022
4916.000,294960.000,9.074
4917.000,295020.000,9.281
4918.000,295080.000,9.718
4919.000,295140.000,9.435
4920.000,295200.000,9.556
4921.000,295260.000,9.694
4922.000,295320.000,9.483
4923.000,295380.000,9.760
4924.000,295440.000,9.732
4925.000,295500.000,9.027
4926.000,295560.000,9.713
4927.000,295620.000,9.237
4928.000,295680.000,9.943
4929.000,295740.000,9.741
4930.000,295800.000,9.958
4931.000,295860.000,9.652
4932.000,295920.000,9.417
4933.000,295980.000,9.118
4934.000,296040.000,9.121
4935.000,296100.000,9.096
4936.000,296160.000,9.002
4937.000,296220.000,9.962
4938.000,296280.000,9.668
4939.000,296340.000,9.538
4940.000,296400.000,9.649
4941.000,296460.000,9.991
4942.000,296520.000,9.637
4943.000,296580.000,9.598
4944.000,296640.000,9.137
4945.000,296700.000,9.559
4946.000,296760.000,9.249
4947.000,296820.000,9.893
4948.000,296880.000,9.022
4949.000,296940.000,9.986
4950.000,297000.000,9.397
4951.000,297060.000,9.378
4952.000,297120.000,9.359
4953.000,297180.000,9.465
4954.000,297240.000,9.638
4955.000,297300.000,9.045
4956.000,297360.000,9.363
4957.000,297420.000,9.541
4958.000,297480.000,9.706
4959.000,297540.000,9.481
4960.000,297600.000,9.721
4961.000,297660.000,9.195
4962.000,297720.000,9.062
4963.000,297780.000,9.806
4964.000,297840.000,9.223
4965.000,297900.000,9.322
4966.000,297960.000,9.551
4967.000,298020.000,9.320
4968.000,298080.000,9.131
4969.000,298140.000,9.038
4970.000,298200.000,9.315
4971.000,298260.000,9.809
4972.000,298320.000,9.312
4973.000,298380.000,9.723
4974.000,298440.000,9.937
4975.000,298500.000,9.104
4976.000,298560.000,9.634
4977.000,298620.000,9.983
4978.000,298680.000,9.864
4979.000,298740.000,9.044
4980.000,298800.000,9.040
4981.000,298860.000,9.710
4982.000,298920.000,9.595
4983.000,298980.000,9.284
4984.000,299040.000,9.804
4985.000,299100.000,9.088
4986.000,299160.000,9.129
4987.000,299220.000,9.548
4988.000,299280.000,9.958
4989.000,299340.000,9.390
4990.000,299400.000,9.626
4991.000,299460.000,9.293
4992.000,299520.000,9.623
4993.000,299580.000,9.084
4994.000,299640.000,9.045
4995.000,299700.000,9.575
4996.000,299760.000,9.186
4997.000,299820.000,9.519
4998.000,299880.000,9.372
4999.000,299940.000,9.302
5000.000,300000.000,9.106
5001.000,300060.000,9.092
5002.000,300120.000,9.827
5003.000,300180.000,9.610
5004.000,300240.000,9.517
5005.000,300300.000,9.062
5006.000,300360.000,9.323
5007.000,300420.000,9.154
5008.000,300480.000,9.098
5009.000,300540.000,9.223
5010.000,300600.000,9.823
5011.000,300660.000,9.562
5012.000,300720.000,9.250
5013.000,300780.000,9.654
5014.000,300840.000,9.436
5015.000,300900.000,9.017
5016.000,300960.000,9.485
5017.000,301020.000,9.590
5018.000,301080.000,9.565
5019.000,301140.000,9.682
5020.000,301200.000,9.006
5021.000,301260.000,9.620
5022.000,301320.000,9.687
5023.000,301380.000,9.551
5024.000,301440.000,9.016
5025.000,301500.000,9.294
5026.000,301560.000,9.735
5027.000,301620.000,9.416
5028.000,301680.000,9.688
5029.000,301740.000,9.008
5030.000,301800.000,9.573
5031.000,301860.000,9.919
5032.000,301920.000,9.180
5033.000,301980.000,9.814
5034.000,302040.000,9.248
5035.000,302100.000,9.303
5036.000,302160.000,9.208
5037.000,302220.000,9.530
5038.000,302280.000,9.819
5039.000,302340.000,9.897
5040.000,302400.000,9.937
5041.000,302460.000,9.388
5042.000,302520.000,9.189
5043.000,302580.000,9.687
5044.000,302640.000,9.590
5045.000,302700.000,9.990
5046.000,302760.000,9.047
5047.000,302820.000,9.275
5048.000,302880.000,9.016
5049.000,302940.000,9.026
5050.000,303000.000,9.220
5051.000,303060.000,9.194
5052.000,303120.000,9.974
5053.000,303180.000,9.139
5054.000,303240.000,9.042
5055.000,303300.000,9.728
5056.000,303360.000,9.791
5057.000,303420.000,9.176
5058.000,303480.000,9.397
5059.000,303540.000,9.178
5060.000,303600.000,9.242
5061.000,303660.000,9.709
5062.000,303720.000,9.496
5063.000,303780.000,9.927
5064.000,303840.000,9.090
5065.000,303900.000,9.175
5066.000,303960.000,9.390
5067.000,304020.000,9.360
5068.000,304080.000,9.062
5069.000,304140.000,9.338
5070.000,304200.000,9.459
5071.000,304260.000,9.877
5072.000,304320.000,9.250
5073.000,304380.000,9.352
5074.000,304440.000,9.116
5075.000,304500.000,9.287
5076.000,304560.000,9.522
5077.000,304620.000,9.740
5078.000,304680.000,9.099
5079.000,304740.000,9.274
5080.000,304800.000,9.351
5081.000,304860.000,9.162
5082.000,304920.000,9.801
5083.000,304980.000,9.425
5084.000,305040.000,9.824
5085.000,305100.000,9.448
5086.000,305160.000,9.992
5087.000,305220.000,9.733
5088.000,305280.000,9.856
5089.000,305340.000,9.890
5090.000,305400.000,9.627
5091.000,305460.000,9.562
5092.000,305520.000,9.861
5093.000,305580.000,9.678
5094.000,305640.000,9.673
5095.000,305700.000,9.143
5096.000,305760.000,9.244
5097.000,305820.000,9.035
5098.000,305880.000,9.684
5099.000,305940.000,9.392
5100.000,306000.000,9.067
5101.000,306060.000,9.424
5102.000,306120.000,9.431
5103.000,306180.000,9.748
5104.000,306240.000,9.637
5105.000,306300.000,9.441
5106.000,306360.000,9.303
5107.000,306420.000,9.643
5108.000,306480.000,9.026
5109.000,306540.000,9.528
5110.000,306600.000,9.886
5111.000,306660.000,9.325
5112.000,306720.000,9.511
5113.000,306780.000,9.889
5114.000,306840.000,9.260
5115.000,306900.000,9.947
5116.000,306960.000,9.152
5117.000,307020.000,9.896
5118.000,307080.000,9.845
5119.000,307140.000,9.637
5120.000,307200.000,9.501
5121.000,307260.000,9.799
5122.000,307320.000,9.359
5123.000,307380.000,9.510
5124.000,307440.000,9.647
5125.000,307500.000,9.631
5126.000,307560.000,9.545
5127.000,307620.000,9.667
5128.000,307680.000,9.924
5129.000,307740.000,9.799
5130.000,307800.000,9.723
5131.000,307860.000,9.394
5132.000,307920.000,9.260
5133.000,307980.000,9.780
5134.000,308040.000,9.075
5135.000,308100.000,9.957
5136.000,308160.000,9.593
5137.000,308220.000,9.608
5138.000,308280.000,9.769
5139.000,308340.000,9.311
5140.000,308400.000,9.367
5141.000,308460.000,9.130
5142.000,308520.000,9.023
5143.000,308580.000,9.683
5144.000,308640.000,9.888
5145.000,308700.000,9.183
5146.000,308760.000,9.972
5147.000,308820.000,9.356
5148.000,308880.000,9.535
5149.000,308940.000,9.162
5150.000,309000.000,9.662
5151.000,309060.000,9.277
5152.000,309120.000,9.318
5153.000,309180.000,9.405
5154.000,309240.000,9.140
5155.000,309300.000,9.168
5156.000,309360.000,9.131
5157.000,309420.000,9.470
5158.000,309480.000,9.546
5159.000,309540.000,9.434
5160.000,309600.000,9.414
5161.000,309660.000,9.073
5162.000,309720.000,9.487
5163.000,309780.000,9.251
5164.000,309840.000,9.842
5165.000,309900.000,9.776
5166.000,309960.000,9.288
5167.000,310020.000,9.882
5168.000,310080.000,9.608
5169.000,310140.000,9.208
5170.000,310200.000,9.217
5171.000,310260.000,9.280
5172.000,310320.000,9.856
5173.000,310380.000,9.178
5174.000,310440.000,9.772
5175.000,310500.000,9.961
5176.000,310560.000,9.638
5177.000,310620.000,9.614
5178.000,310680.000,9.055
5179.000,310740.000,9.833
5180.000,310800.000,9.078
5181.000,310860.000,9.017
5182.000,310920.000,9.101
5183.000,310980.000,9.250
5184.000,311040.000,9.977
5185.000,311100.000,9.407
5186.000,311160.000,9.567
5187.000,311220.000,9.707
5188.000,311280.000,9.652
5189.000,311340.000,9.292
5190.000,311400.000,9.856
5191.000,311460.000,9.370
5192.000,311520.000,9.185
5193.000,311580.000,9.558
5194.000,311640.000,9.313
5195.000,311700.000,9.278
5196.000,311760.000,9.108
5197.000,311820.000,9.979
5198.000,311880.000,9.840
5199.000,311940.000,9.398
5200.000,312000.000,9.404
5201.000,312060.000,9.172
5202.000,312120.000,9.401
5203.000,312180.000,9.064
5204.000,312240.000,9.377
5205.000,312300.000,9.185
5206.000,312360.000,9.324
5207.000,312420.000,9.533
5208.000,312480.000,9.311
5209.000,312540.000,9.682
5210.000,312600.000,9.261
5211.000,312660.000,9.686
5212.000,312720.000,9.468
5213.000,312780.000,9.119
5214.000,312840.000,9.887
5215.000,312900.000,9.941
5216.000,312960.000,9.352
5217.000,313020.000,9.686
5218.000,313080.000,9.176
5219.000,313140.000,9.062
5220.000,313200.000,9.400
5221.000,313260.000,9.054
5222.000,313320.000,9.986
5223.000,313380.000,9.328
5224.000,313440.000,9.163
5225.000,313500.000,9.701
5226.000,313560.000,9.876
5227.000,313620.000,9.603
5228.000,313680.000,9.745
5229.000,313740.000,9.335
5230.000,313800.000,9.540
5231.000,313860.000,9.182
5232.000,313920.000,9.909
5233.000,313980.000,9.303
5234.000,314040.000,9.533
5235.000,314100.000,9.536
5236.000,314160.000,9.445
5237.000,314220.000,9.958
5238.000,314280.000,9.715
5239.000,314340.000,9.187
5240.000,314400.000,9.905
5241.000,314460.000,9.814
5242.000,314520.000,9.322
5243.000,314580.000,9.136
5244.000,314640.000,9.646
5245.000,314700.000,9.234
5246.000,314760.000,9.697
5247.000,314820.000,9.238
5248.000,314880.000,9.533
5249.000,314940.000,9.832
5250.000,315000.000,9.474
5251.000,315060.000,9.592
5252.000,315120.000,9.695
5253.000,315180.000,9.486
5254.000,315240.000,9.585
5255.000,315300.000,9.960
5256.000,315360.000,9.858
5257.000,315420.000,9.076
5258.000,315480.000,9.023
5259.000,315540.000,9.220
5260.000,315600.000,9.666
5261.000,315660.000,9.111
5262.000,315720.000,9.002
5263.000,315780.000,9.795
5264.000,315840.000,9.791
5265.000,315900.000,9.824
5266.000,315960.000,9.913
5267.000,316020.000,9.583
5268.000,316080.000,9.930
5269.000,316140.000,9.619
5270.000,316200.000,9.192
5271.000,316260.000,9.590
5272.000,316320.000,9.344
5273.000,316380.000,9.832
5274.000,316440.000,9.955
5275.000,316500.000,9.543
5276.000,316560.000,9.021
5277.000,316620.000,9.761
5278.000,316680.000,9.894
5279.000,316740.000,9.041
5280.000,316800.000,9.029
5281.000,316860.000,9.224
5282.000,316920.000,9.101
5283.000,316980.000,9.153
5284.000,317040.000,9.481
5285.000,317100.000,9.085
5286.000,317160.000,9.710
5287.000,317220.000,9.127
5288.000,317280.000,9.049
5289.000,317340.000,9.061
5290.000,317400.000,9.427
5291.000,317460.000,9.552
5292.000,317520.000,9.932
5293.000,317580.000,9.341
5294.000,317640.000,9.290
5295.000,317700.000,9.755
5296.000,317760.000,9.350
5297.000,317820.000,9.821
5298.000,317880.000,9.541
5299.000,317940.000,9.232
5300.000,318000.000,9.916
5301.000,318060.000,9.796
5302.000,318120.000,9.879
5303.000,318180.000,9.454
5304.000,318240.000,9.173
5305.000,318300.000,9.429
5306.000,318360.000,9.428
5307.000,318420.000,9.437
5308.000,318480.000,9.992
5309.000,318540.000,9.554
5310.000,318600.000,9.579
5311.000,318660.000,9.310
5312.000,318720.000,9.762
5313.000,318780.000,9.487
5314.000,318840.000,9.439
5315.000,318900.000,9.065
5316.000,318960.000,9.436
5317.000,319020.000,9.267
5318.000,319080.000,9.544
5319.000,319140.000,9.265
5320.000,319200.000,9.041
5321.000,319260.000,9.755
5322.000,319320.000,9.650
5323.000,319380.000,9.018
5324.000,319440.000,9.652
5325.000,319500.000,9.179
5326.000,319560.000,9.237
5327.000,319620.000,9.184
5328.000,319680.000,9.561
5329.000,319740.000,9.369
5330.000,319800.000,9.869
5331.000,319860.000,9.267
5332.000,319920.000,9.309
5333.000,319980.000,9.019
5334.000,320040.000,9.971
5335.000,320100.000,9.245
5336.000,320160.000,9.686
5337.000,320220.000,9.167
5338.000,320280.000,9.027
5339.000,320340.000,9.105
5340.000,320400.000,9.839
5341.000,320460.000,9.768
5342.000,320520.000,9.818
5343.000,320580.000,9.533
5344.000,320640.000,9.131
5345.000,320700.000,9.165
5346.000,320760.000,9.868
5347.000,320820.000,9.390
5348.000,320880.000,9.500
5349.000,320940.000,9.628
5350.000,321000.000,9.707
5351.000,321060.000,9.133
5352.000,321120.000,9.660
5353.000,321180.000,9.621
5354.000,321240.000,9.311
5355.000,321300.000,9.739
5356.000,321360.000,9.040
5357.000,321420.000,9.782
5358.000,321480.000,9.382
5359.000,321540.000,9.006
5360.000,321600.000,9.058
5361.000,321660.000,9.751
5362.000,321720.000,9.420
5363.000,321780.000,9.454
5364.000,321840.000,9.980
5365.000,321900.000,9.851
5366.000,321960.000,9.444
5367.000,322020.000,9.163
5368.000,322080.000,9.042
5369.000,322140.000,9.401
5370.000,322200.000,9.855
5371.000,322260.000,9.490
5372.000,322320.000,9.320
5373.000,322380.000,9.418
5374.000,322440.000,9.362
5375.000,322500.000,9.124
5376.000,322560.000,9.117
5377.000,322620.000,9.986
5378.000,322680.000,9.501
5379.000,322740.000,9.058
5380.000,322800.000,9.181
5381.000,322860.000,9.682
5382.000,322920.000,9.867
5383.000,322980.000,9.024
5384.000,323040.000,9.277
5385.000,323100.000,9.892
5386.000,323160.000,9.760
5387.000,323220.000,9.793
5388.000,323280.000,9.857
5389.000,323340.000,9.356
5390.000,323400.000,9.432
5391.000,323460.000,9.710
5392.000,323520.000,9.519
5393.000,323580.000,9.822
5394.000,323640.000,9.571
5395.000,323700.000,9.776
5396.000,323760.000,9.026
5397.000,323820.000,9.444
5398.000,323880.000,9.971
5399.000,323940.000,9.657
5400.000,324000.000,9.355
5401.000,324060.000,9.966
5402.000,324120.000,9.582
5403.000,324180.000,9.695
5404.000,324240.000,9.731
5405.000,324300.000,9.689
5406.000,324360.000,9.703
5407.000,324420.000,9.033
5408.000,324480.000,9.959
5409.000,324540.000,9.340
5410.000,324600.000,9.144
5411.000,324660.000,9.603
5412.000,324720.000,9.875
5413.000,324780.000,9.530
5414.000,324840.000,9.068
5415.000,324900.000,9.435
5416.000,324960.000,9.546
5417.000,325020.000,9.797
5418.000,325080.000,9.200
5419.000,325140.000,9.676
5420.000,325200.000,9.079
5421.000,325260.000,9.140
5422.000,325320.000,9.558
5423.000,325380.000,9.538
5424.000,325440.000,9.959
5425.000,325500.000,9.855
5426.000,325560.000,9.582
5427.000,325620.000,9.950
5428.000,325680.000,9.048
5429.000,325740.000,9.827
5430.000,325800.000,9.769
5431.000,325860.000,9.197
5432.000,325920.000,9.584
5433.000,325980.000,9.161
5434.000,326040.000,9.005
5435.000,326100.000,9.809
5436.000,326160.000,9.734
5437.000,326220.000,9.685
5438.000,326280.000,9.496
5439.000,326340.000,9.302
5440.000,326400.000,9.387
5441.000,326460.000,9.741
5442.000,326520.000,9.208
5443.000,326580.000,9.583
5444.000,326640.000,9.485
5445.000,326700.000,9.750
5446.000,326760.000,9.854
5447.000,326820.000,9.102
5448.000,326880.000,9.883
5449.000,326940.000,9.818
5450.000,327000.000,9.631
5451.000,327060.000,9.244
5452.000,327120.000,9.287
5453.000,327180.000,9.293
5454.000,327240.000,9.339
5455.000,327300.000,9.790
5456.000,327360.000,9.285
5457.000,327420.000,9.481
5458.000,327480.000,9.984
5459.000,327540.000,9.926
5460.000,327600.000,9.719
5461.000,327660.000,9.947
5462.000,327720.000,9.913
5463.000,327780.000,9.399
5464.000,327840.000,9.257
5465.000,327900.000,9.147
5466.000,327960.000,9.377
5467.000,328020.000,9.776
5468.000,328080.000,9.077
5469.000,328140.000,9.155
5470.000,328200.000,9.471
5471.000,328260.000,9.462
5472.000,328320.000,9.577
5473.000,328380.000,9.626
5474.000,328440.000,9.037
5475.000,328500.000,9.150
5476.000,328560.000,9.837
5477.000,328620.000,9.339
5478.000,328680.000,9.358
5479.000,328740.000,9.865
5480.000,328800.000,9.867
5481.000,328860.000,9.058
5482.000,328920.000,9.376
5483.000,328980.000,9.252
5484.000,329040.000,9.673
5485.000,329100.000,9.613
5486.000,329160.000,9.597
5487.000,329220.000,9.124
5488.000,329280.000,9.119
5489.000,329340.000,9.258
5490.000,329400.000,9.086
5491.000,329460.000,9.334
5492.000,329520.000,9.959
5493.000,329580.000,9.891
5494.000,329640.000,9.209
5495.000,329700.000,9.449
5496.000,329760.000,9.331
5497.000,329820.000,9.752
5498.000,329880.000,9.151
5499.000,329940.000,9.656
5500.000,330000.000,9.662
5501.000,330060.000,9.517
5502.000,330120.000,9.701
5503.000,330180.000,9.037
5504.000,330240.000,9.172
5505.000,330300.000,9.582
5506.000,330360.000,9.080
5507.000,330420.000,9.479
5508.000,330480.000,9.183
5509.000,330540.000,9.446
5510.000,330600.000,9.764
5511.000,330660.000,9.831
5512.000,330720.000,9.272
5513.000,330780.000,9.968
5514.000,330840.000,9.791
5515.000,330900.000,9.148
5516.000,330960.000,9.681
5517.000,331020.000,9.710
5518.000,331080.000,9.898
5519.000,331140.000,9.337
5520.000,331200.000,9.733
5521.000,331260.000,9.660
5522.000,331320.000,9.765
5523.000,331380.000,9.933
5524.000,331440.000,9.210
5525.000,331500.000,9.554
5526.000,331560.000,9.285
5527.000,331620.000,9.134
5528.000,331680.000,9.104
5529.000,331740.000,9.574
5530.000,331800.000,9.172
5531.000,331860.000,9.032
5532.000,331920.000,9.808
5533.000,331980.000,9.498
5534.000,332040.000,9.857
5535.000,332100.000,9.216
5536.000,332160.000,9.645
5537.000,332220.000,9.686
5538.000,332280.000,9.849
5539.000,332340.000,9.303
5540.000,332400.000,9.558
5541.000,332460.000,9.413
5542.000,332520.000,9.317
5543.000,332580.000,9.236
5544.000,332640.000,9.502
5545.000,332700.000,9.518
5546.000,332760.000,9.322
5547.000,332820.000,9.557
5548.000,332880.000,9.413
5549.000,332940.000,9.803
5550.000,333000.000,9.863
5551.000,333060.000,9.998
5552.000,333120.000,9.359
5553.000,333180.000,9.019
5554.000,333240.000,9.906
5555.000,333300.000,9.749
5556.000,333360.000,9.024
5557.000,333420.000,9.920
5558.000,333480.000,9.760
5559.000,333540.000,9.006
5560.000,333600.000,9.168
5561.000,333660.000,9.404
5562.000,333720.000,9.793
5563.000,333780.000,9.405
5564.000,333840.000,9.549
5565.000,333900.000,9.837
5566.000,333960.000,9.665
5567.000,334020.000,9.810
5568.000,334080.000,9.589
5569.000,334140.000,9.732
5570.000,334200.000,9.618
5571.000,334260.000,9.847
5572.000,334320.000,9.441
5573.000,334380.000,9.935
5574.000,334440.000,9.582
5575.000,334500.000,9.401
5576.000,334560.000,9.456
5577.000,334620.000,9.732
5578.000,334680.000,9.219
5579.000,334740.000,9.009
5580.000,334800.000,9.019
5581.000,334860.000,9.874
5582.000,334920.000,9.372
5583.000,334980.000,9.197
5584.000,335040.000,9.234
5585.000,335100.000,9.809
5586.000,335160.000,9.568
5587.000,335220.000,9.657
5588.000,335280.000,9.332
5589.000,335340.000,9.445
5590.000,335400.000,9.199
5591.000,335460.000,9.911
5592.000,335520.000,9.500
5593.000,335580.000,9.430
5594.000,335640.000,9.394
5595.000,335700.000,9.060
5596.000,335760.000,9.166
5597.000,335820.000,9.994
5598.000,335880.000,9.486
5599.000,335940.000,9.231
5600.000,336000.000,9.091
5601.000,336060.000,9.175
5602.000,336120.000,9.159
5603.000,336180.000,9.413
5604.000,336240.000,9.600
5605.000,336300.000,9.807
5606.000,336360.000,9.049
5607.000,336420.000,9.174
5608.000,336480.000,9.986
5609.000,336540.000,9.956
5610.000,336600.000,9.142
5611.000,336660.000,9.369
5612.000,336720.000,9.313
5613.000,336780.000,9.502
5614.000,336840.000,9.308
5615.000,336900.000,9.873
5616.000,336960.000,9.569
5617.000,337020.000,9.967
5618.000,337080.000,9.983
5619.000,337140.000,9.093
5620.000,337200.000,9.679
5621.000,337260.000,9.772
5622.000,337320.000,9.076
5623.000,337380.000,9.429
5624.000,337440.000,9.274
5625.000,337500.000,9.810
5626.000,337560.000,9.640
5627.000,337620.000,9.143
5628.000,337680.000,9.737
5629.000,337740.000,9.938
5630.000,337800.000,9.732
5631.000,337860.000,9.551
5632.000,337920.000,9.409
5633.000,337980.000,9.237
5634.000,338040.000,9.593
5635.000,338100.000,9.179
5636.000,338160.000,9.256
5637.000,338220.000,9.682
5638.000,338280.000,9.808
5639.000,338340.000,9.409
5640.000,338400.000,9.191
5641.000,338460.000,9.085
5642.000,338520.000,9.669
5643.000,338580.000,9.478
5644.000,338640.000,9.697
5645.000,338700.000,9.374
5646.000,338760.000,9.090
5647.000,338820.000,9.190
5648.000,338880.000,9.553
5649.000,338940.000,9.558
5650.000,339000.000,9.748
5651.000,339060.000,9.931
5652.000,339120.000,9.941
5653.000,339180.000,9.594
5654.000,339240.000,9.214
5655.000,339300.000,9.341
5656.000,339360.000,9.542
5657.000,339420.000,9.906
5658.000,339480.000,9.153
5659.000,339540.000,9.268
5660.000,339600.000,9.090
5661.000,339660.000,9.192
5662.000,339720.000,9.540
5663.000,339780.000,9.733
5664.000,339840.000,9.997
5665.000,339900.000,9.572
5666.000,339960.000,9.486
5667.000,340020.000,9.515
5668.000,340080.000,9.374
5669.000,340140.000,9.263
5670.000,340200.000,9.679
5671.000,340260.000,9.580
5672.000,340320.000,9.980
5673.000,340380.000,9.555
5674.000,340440.000,9.466
5675.000,340500.000,9.446
5676.000,340560.000,9.586
5677.000,340620.000,9.477
5678.000,340680.000,9.023
5679.000,340740.000,9.999
5680.000,340800.000,9.983
5681.000,340860.000,9.253
5682.000,340920.000,9.882
5683.000,340980.000,9.119
5684.000,341040.000,9.310
5685.000,341100.000,9.782
5686.000,341160.000,9.032
5687.000,341220.000,9.567
5688.000,341280.000,9.376
5689.000,341340.000,9.255
5690.000,341400.000,9.963
5691.000,341460.000,9.395
5692.000,341520.000,9.902
5693.000,341580.000,9.444
5694.000,341640.000,9.966
5695.000,341700.000,9.339
5696.000,341760.000,9.209
5697.000,341820.000,9.299
5698.000,341880.000,9.666
5699.000,341940.000,9.250
5700.000,342000.000,9.832
5701.000,342060.000,9.604
5702.000,342120.000,9.688
5703.000,342180.000,9.414
5704.000,342240.000,9.288
5705.000,342300.000,9.386
5706.000,342360.000,9.793
5707.000,342420.000,9.348
5708.000,342480.000,9.290
5709.000,342540.000,9.850
5710.000,342600.000,9.300
5711.000,342660.000,9.661
5712.000,342720.000,9.574
5713.000,342780.000,9.645
5714.000,342840.000,9.737
5715.000,342900.000,9.154
5716.000,342960.000,9.597
5717.000,343020.000,9.174
5718.000,343080.000,9.760
5719.000,343140.000,9.069
5720.000,343200.000,9.012
5721.000,343260.000,9.862
5722.000,343320.000,9.141
5723.000,343380.000,9.567
5724.000,343440.000,9.293
5725.000,343500.000,9.293
5726.000,343560.000,9.343
5727.000,343620.000,9.727
5728.000,343680.000,9.727
5729.000,343740.000,9.464
5730.000,343800.000,9.107
5731.000,343860.000,9.970
5732.000,343920.000,9.889
5733.000,343980.000,9.462
5734.000,344040.000,9.695
5735.000,344100.000,9.828
5736.000,344160.000,9.605
5737.000,344220.000,9.565
5738.000,344280.000,9.362
5739.000,344340.000,9.177
5740.000,344400.000,9.453
5741.000,344460.000,9.863
5742.000,344520.000,9.332
5743.000,344580.000,9.157
5744.000,344640.000,9.897
5745.000,344700.000,9.889
5746.000,344760.000,9.555
5747.000,344820.000,9.538
5748.000,344880.000,9.799
5749.000,344940.000,9.857
5750.000,345000.000,9.557
5751.000,345060.000,9.974
5752.000,345120.000,9.522
5753.000,345180.000,9.605
5754.000,345240.000,9.246
5755.000,345300.000,9.558
5756.000,345360.000,9.408
5757.000,345420.000,9.795
5758.000,345480.000,9.467
5759.000,345540.000,9.320
5760.000,345600.000,9.082
5761.000,345660.000,9.235
5762.000,345720.000,9.769
5763.000,345780.000,9.237
5764.000,345840.000,9.143
5765.000,345900.000,9.011
5766.000,345960.000,9.282
5767.000,346020.000,9.407
5768.000,346080.000,9.274
5769.000,346140.000,9.409
5770.000,346200.000,9.335
5771.000,346260.000,9.739
5772.000,346320.000,9.282
5773.000,346380.000,9.429
5774.000,346440.000,9.362
5775.000,346500.000,9.122
5776.000,346560.000,9.044
5777.000,346620.000,9.288
5778.000,346680.000,9.430
5779.000,346740.000,9.823
5780.000,346800.000,9.506
5781.000,346860.000,9.034
5782.000,346920.000,9.335
5783.000,346980.000,9.731
5784.000,347040.000,9.526
5785.000,347100.000,9.889
5786.000,347160.000,9.706
5787.000,347220.000,9.163
5788.000,347280.000,9.611
5789.000,347340.000,9.536
5790.000,347400.000,9.376
5791.000,347460.000,9.553
5792.000,347520.000,9.857
5793.000,347580.000,9.978
5794.000,347640.000,9.986
5795.000,347700.000,9.677
5796.000,347760.000,9.774
5797.000,347820.000,9.384
5798.000,347880.000,9.913
5799.000,347940.000,9.788
5800.000,348000.000,9.646
5801.000,348060.000,9.091
5802.000,348120.000,9.898
5803.000,348180.000,9.705
5804.000,348240.000,9.304
5805.000,348300.000,9.278
5806.000,348360.000,9.763
5807.000,348420.000,9.883
5808.000,348480.000,9.461
5809.000,348540.000,9.323
5810.000,348600.000,9.367
5811.000,348660.000,9.300
5812.000,348720.000,9.186
5813.000,348780.000,9.138
5814.000,348840.000,9.607
5815.000,348900.000,9.029
5816.000,348960.000,9.135
5817.000,349020.000,9.234
5818.000,349080.000,9.609
5819.000,349140.000,9.990
5820.000,349200.000,9.507
5821.000,349260.000,9.654
5822.000,349320.000,9.652
5823.000,349380.000,9.411
5824.000,349440.000,9.862
5825.000,349500.000,9.176
5826.000,349560.000,9.017
5827.000,349620.000,9.063
5828.000,349680.000,9.155
5829.000,349740.000,9.585
5830.000,349800.000,9.092
5831.000,349860.000,9.678
5832.000,349920.000,9.273
5833.000,349980.000,9.702
5834.000,350040.000,9.029
5835.000,350100.000,9.128
5836.000,350160.000,9.658
5837.000,350220.000,9.910
5838.000,350280.000,9.943
5839.000,350340.000,9.366
5840.000,350400.000,9.199
5841.000,350460.000,9.978
5842.000,350520.000,9.270
5843.000,350580.000,9.488
5844.000,350640.000,9.351
5845.000,350700.000,9.426
5846.000,350760.000,9.036
5847.000,350820.000,9.325
5848.000,350880.000,9.184
5849.000,350940.000,9.725
5850.000,351000.000,9.015
5851.000,351060.000,9.040
5852.000,351120.000,9.092
5853.000,351180.000,9.911
5854.000,351240.000,9.405
5855.000,351300.000,9.242
5856.000,351360.000,9.924
5857.000,351420.000,9.998
5858.000,351480.000,9.701
5859.000,351540.000,9.163
5860.000,351600.000,9.476
5861.000,351660.000,9.609
5862.000,351720.000,9.286
5863.000,351780.000,9.846
5864.000,351840.000,9.534
5865.000,351900.000,9.320
5866.000,351960.000,9.816
5867.000,352020.000,9.993
5868.000,352080.000,9.728
5869.000,352140.000,9.168
5870.000,352200.000,9.396
5871.000,352260.000,9.136
5872.000,352320.000,9.450
5873.000,352380.000,9.926
5874.000,352440.000,9.969
5875.000,352500.000,9.558
5876.000,352560.000,9.989
5877.000,352620.000,9.515
5878.000,352680.000,9.561
5879.000,352740.000,9.669
5880.000,352800.000,9.139
5881.000,352860.000,9.599
5882.000,352920.000,9.385
5883.000,352980.000,9.965
5884.000,353040.000,9.379
5885.000,353100.000,9.798
5886.000,353160.000,9.440
5887.000,353220.000,9.491
5888.000,353280.000,9.614
5889.000,353340.000,9.157
5890.000,353400.000,9.951
5891.000,353460.000,9.055
5892.000,353520.000,9.970
5893.000,353580.000,9.832
5894.000,353640.000,9.623
5895.000,353700.000,9.895
5896.000,353760.000,9.364
5897.000,353820.000,9.243
5898.000,353880.000,9.219
5899.000,353940.000,9.264
5900.000,354000.000,9.801
5901.000,354060.000,9.686
5902.000,354120.000,9.450
5903.000,354180.000,9.102
5904.000,354240.000,9.060
5905.000,354300.000,9.811
5906.000,354360.000,9.683
5907.000,354420.000,9.960
5908.000,354480.000,9.122
5909.000,354540.000,9.707
5910.000,354600.000,9.490
5911.000,354660.000,9.306
5912.000,354720.000,9.507
5913.000,354780.000,9.933
5914.000,354840.000,9.794
5915.000,354900.000,9.220
5916.000,354960.000,9.119
5917.000,355020.000,9.830
5918.000,355080.000,9.114
5919.000,355140.000,9.092
5920.000,355200.000,9.045
5921.000,355260.000,9.228
5922.000,355320.000,9.646
5923.000,355380.000,9.905
5924.000,355440.000,9.977
5925.000,355500.000,9.753
5926.000,355560.000,9.010
5927.000,355620.000,9.756
5928.000,355680.000,9.172
5929.000,355740.000,9.303
5930.000,355800.000,9.872
5931.000,355860.000,9.744
5932.000,355920.000,9.257
5933.000,355980.000,9.797
5934.000,356040.000,9.526
5935.000,356100.000,9.847
5936.000,356160.000,9.005
5937.000,356220.000,9.750
5938.000,356280.000,9.667
5939.000,356340.000,9.712
5940.000,356400.000,9.725
5941.000,356460.000,9.988
5942.000,356520.000,9.666
5943.000,356580.000,9.720
5944.000,356640.000,9.548
5945.000,356700.000,9.694
5946.000,356760.000,9.776
5947.000,356820.000,9.815
5948.000,356880.000,9.744
5949.000,356940.000,9.542
5950.000,357000.000,9.558
5951.000,357060.000,9.540
5952.000,357120.000,9.859
5953.000,357180.000,9.036
5954.000,357240.000,9.269
5955.000,357300.000,9.430
5956.000,357360.000,9.265
5957.000,357420.000,9.204
5958.000,357480.000,9.780
5959.000,357540.000,9.594
5960.000,357600.000,9.749
5961.000,357660.000,9.602
5962.000,357720.000,9.812
5963.000,357780.000,9.394
5964.000,357840.000,9.689
5965.000,357900.000,9.715
5966.000,357960.000,9.355
5967.000,358020.000,9.004
5968.000,358080.000,9.701
5969.000,358140.000,9.311
5970.000,358200.000,9.284
5971.000,358260.000,9.146
5972.000,358320.000,9.314
5973.000,358380.000,9.682
5974.000,358440.000,9.962
5975.000,358500.000,9.600
5976.000,358560.000,9.136
5977.000,358620.000,9.205
5978.000,358680.000,9.594
5979.000,358740.000,9.105
5980.000,358800.000,9.309
5981.000,358860.000,9.299
5982.000,358920.000,9.734
5983.000,358980.000,9.215
5984.000,359040.000,9.374
5985.000,359100.000,9.106
5986.000,359160.000,9.878
5987.000,359220.000,9.014
5988.000,359280.000,9.572
5989.000,359340.000,9.666
5990.000,359400.000,9.145
5991.000,359460.000,9.676
5992.000,359520.000,9.540
5993.000,359580.000,9.763
5994.000,359640.000,9.571
5995.000,359700.000,9.823
5996.000,359760.000,9.731
5997.000,359820.000,9.220
5998.000,359880.000,9.044
5999.000,359940.000,9.560
6000.000,360000.000,9.752
6001.000,360060.000,9.961
6002.000,360120.000,9.380
6003.000,360180.000,9.456
6004.000,360240.000,9.478
6005.000,360300.000,9.516
6006.000,360360.000,9.761
6007.000,360420.000,9.434
6008.000,360480.000,9.902
6009.000,360540.000,9.271
6010.000,360600.000,9.197
6011.000,360660.000,9.762
6012.000,360720.000,9.646
6013.000,360780.000,9.786
6014.000,360840.000,9.132
6015.000,360900.000,9.744
6016.000,360960.000,9.172
6017.000,361020.000,9.765
6018.000,361080.000,9.507
6019.000,361140.000,9.521
6020.000,361200.000,9.504
6021.000,361260.000,9.707
6022.000,361320.000,9.408
6023.000,361380.000,9.205
6024.000,361440.000,9.809
6025.000,361500.000,9.099
6026.000,361560.000,9.171
6027.000,361620.000,9.609
6028.000,361680.000,9.143
6029.000,361740.000,9.384
6030.000,361800.000,9.108
6031.000,361860.000,9.125
6032.000,361920.000,9.784
6033.000,361980.000,9.876
6034.000,362040.000,9.293
6035.000,362100.000,9.743
6036.000,362160.000,9.621
6037.000,362220.000,9.267
6038.000,362280.000,9.249
6039.000,362340.000,9.854
6040.000,362400.000,9.268
6041.000,362460.000,9.401
6042.000,362520.000,9.360
6043.000,362580.000,9.377
6044.000,362640.000,9.489
6045.000,362700.000,9.185
6046.000,362760.000,9.508
6047.000,362820.000,9.320
6048.000,362880.000,9.813
6049.000,362940.000,9.489
6050.000,363000.000,9.556
6051.000,363060.000,9.563
6052.000,363120.000,9.582
6053.000,363180.000,9.808
6054.000,363240.000,9.300
6055.000,363300.000,9.725
6056.000,363360.000,9.499
6057.000,363420.000,9.660
6058.000,363480.000,9.178
6059.000,363540.000,9.967
6060.000,363600.000,9.239
6061.000,363660.000,9.480
6062.000,363720.000,9.619
6063.000,363780.000,9.881
6064.000,363840.000,9.519
6065.000,363900.000,9.616
6066.000,363960.000,9.787
6067.000,364020.000,9.086
6068.000,364080.000,9.485
6069.000,364140.000,9.865
6070.000,364200.000,9.548
6071.000,364260.000,9.300
6072.000,364320.000,9.127
6073.000,364380.000,9.723
6074.000,364440.000,9.055
6075.000,364500.000,9.875
6076.000,364560.000,9.924
6077.000,364620.000,9.634
6078.000,364680.000,9.151
6079.000,364740.000,9.982
6080.000,364800.000,9.487
6081.000,364860.000,9.591
6082.000,364920.000,9.591
6083.000,364980.000,9.135
6084.000,365040.000,9.099
6085.000,365100.000,9.018
6086.000,365160.000,9.140
6087.000,365220.000,9.356
6088.000,365280.000,9.063
6089.000,365340.000,9.325
6090.000,365400.000,9.743
6091.000,365460.000,9.614
6092.000,365520.000,9.510
6093.000,365580.000,9.443
6094.000,365640.000,9.997
6095.000,365700.000,9.280
6096.000,365760.000,9.137
6097.000,365820.000,9.087
6098.000,365880.000,9.518
6099.000,365940.000,9.079
6100.000,366000.000,9.465
6101.000,366060.000,9.129
6102.000,366120.000,9.082
6103.000,366180.000,9.942
6104.000,366240.000,9.953
6105.000,366300.000,9.141
6106.000,366360.000,9.325
6107.000,366420.000,9.245
6108.000,366480.000,9.672
6109.000,366540.000,9.367
6110.000,366600.000,9.714
6111.000,366660.000,9.261
6112.000,366720.000,9.988
6113.000,366780.000,9.732
6114.000,366840.000,9.302
6115.000,366900.000,9.909
6116.000,366960.000,9.195
6117.000,367020.000,9.664
6118.000,367080.000,9.016
6119.000,367140.000,9.124
6120.000,367200.000,9.498
6121.000,367260.000,9.340
6122.000,367320.000,9.172
6123.000,367380.000,9.060
6124.000,367440.000,9.511
6125.000,367500.000,9.877
6126.000,367560.000,9.892
6127.000,367620.000,9.132
6128.000,367680.000,9.425
6129.000,367740.000,9.727
6130.000,367800.000,9.486
6131.000,367860.000,9.053
6132.000,367920.000,9.522
6133.000,367980.000,9.386
6134.000,368040.000,9.582
6135.000,368100.000,9.347
6136.000,368160.000,9.991
6137.000,368220.000,9.611
6138.000,368280.000,9.784
6139.000,368340.000,9.034
6140.000,368400.000,9.376
6141.000,368460.000,9.977
6142.000,368520.000,9.306
6143.000,368580.000,9.817
6144.000,368640.000,9.851
6145.000,368700.000,9.679
6146.000,368760.000,9.408
6147.000,368820.000,9.455
6148.000,368880.000,9.855
6149.000,368940.000,9.489
6150.000,369000.000,9.802
6151.000,369060.000,9.518
6152.000,369120.000,9.758
6153.000,369180.000,9.746
6154.000,369240.000,9.299
6155.000,369300.000,9.442
6156.000,369360.000,9.664
6157.000,369420.000,9.860
6158.000,369480.000,9.610
6159.000,369540.000,9.291
6160.000,369600.000,9.545
6161.000,369660.000,9.797
6162.000,369720.000,9.486
6163.000,369780.000,9.925
6164.000,369840.000,9.053
6165.000,369900.000,9.896
6166.000,369960.000,9.772
6167.000,370020.000,9.351
6168.000,370080.000,9.587
6169.000,370140.000,9.053
6170.000,370200.000,9.048
6171.000,370260.000,9.391
6172.000,370320.000,9.719
6173.000,370380.000,9.861
6174.000,370440.000,9.705
6175.000,370500.000,9.442
6176.000,370560.000,9.740
6177.000,370620.000,9.245
6178.000,370680.000,9.317
6179.000,370740.000,9.367
6180.000,370800.000,9.721
6181.000,370860.000,9.419
6182.000,370920.000,9.041
6183.000,370980.000,9.973
6184.000,371040.000,9.521
6185.000,371100.000,9.482
6186.000,371160.000,9.623
6187.000,371220.000,9.771
6188.000,371280.000,9.033
6189.000,371340.000,9.820
6190.000,371400.000,9.312
6191.000,371460.000,9.572
6192.000,371520.000,9.980
6193.000,371580.000,9.665
6194.000,371640.000,9.590
6195.000,371700.000,9.257
6196.000,371760.000,9.899
6197.000,371820.000,9.344
6198.000,371880.000,9.407
6199.000,371940.000,9.722
6200.000,372000.000,9.496
6201.000,372060.000,9.980
6202.000,372120.000,9.031
6203.000,372180.000,9.912
6204.000,372240.000,9.306
6205.000,372300.000,9.898
6206.000,372360.000,9.732
6207.000,372420.000,9.344
6208.000,372480.000,9.466
6209.000,372540.000,9.323
6210.000,372600.000,9.151
6211.000,372660.000,9.198
6212.000,372720.000,9.941
6213.000,372780.000,9.819
6214.000,372840.000,9.542
6215.000,372900.000,9.687
6216.000,372960.000,9.967
6217.000,373020.000,9.694
6218.000,373080.000,9.864
6219.000,373140.000,9.296
6220.000,373200.000,9.268
6221.000,373260.000,9.789
6222.000,373320.000,9.959
6223.000,373380.000,9.951
6224.000,373440.000,9.274
6225.000,373500.000,9.587
6226.000,373560.000,9.294
6227.000,373620.000,9.186
6228.000,373680.000,9.373
6229.000,373740.000,9.936
6230.000,373800.000,9.397
6231.000,373860.000,9.741
6232.000,373920.000,9.834
6233.000,373980.000,9.983
6234.000,374040.000,9.982
6235.000,374100.000,9.223
6236.000,374160.000,9.694
6237.000,374220.000,9.859
6238.000,374280.000,9.705
6239.000,374340.000,9.306
6240.000,374400.000,9.026
6241.000,374460.000,9.223
6242.000,374520.000,9.578
6243.000,374580.000,9.605
6244.000,374640.000,9.909
6245.000,374700.000,9.035
6246.000,374760.000,9.764
6247.000,374820.000,9.405
6248.000,374880.000,9.993
6249.000,374940.000,9.194
6250.000,375000.000,9.493
6251.000,375060.000,9.117
6252.000,375120.000,9.252
6253.000,375180.000,9.451
6254.000,375240.000,9.979
6255.000,375300.000,9.981
6256.000,375360.000,9.095
6257.000,375420.000,9.943
6258.000,375480.000,9.782
6259.000,375540.000,9.342
6260.000,375600.000,9.305
6261.000,375660.000,9.952
6262.000,375720.000,9.871
6263.000,375780.000,9.918
6264.000,375840.000,9.708
6265.000,375900.000,9.031
6266.000,375960.000,9.479
6267.000,376020.000,9.316
6268.000,376080.000,9.044
6269.000,376140.000,9.144
6270.000,376200.000,9.371
6271.000,376260.000,9.965
6272.000,376320.000,9.572
6273.000,376380.000,9.355
6274.000,376440.000,9.358
6275.000,376500.000,9.372
6276.000,376560.000,9.252
6277.000,376620.000,9.199
6278.000,376680.000,9.421
6279.000,376740.000,9.838
6280.000,376800.000,9.447
6281.000,376860.000,9.517
6282.000,376920.000,9.740
6283.000,376980.000,9.441
6284.000,377040.000,9.981
6285.000,377100.000,9.384
6286.000,377160.000,9.959
6287.000,377220.000,9.068
6288.000,377280.000,9.928
6289.000,377340.000,9.882
6290.000,377400.000,9.170
6291.000,377460.000,9.695
6292.000,377520.000,9.592
6293.000,377580.000,9.841
6294.000,377640.000,9.254
6295.000,377700.000,9.472
6296.000,377760.000,9.108
6297.000,377820.000,9.109
6298.000,377880.000,9.535
6299.000,377940.000,9.286
6300.000,378000.000,9.357
6301.000,378060.000,9.294
6302.000,378120.000,9.909
6303.000,378180.000,9.285
6304.000,378240.000,9.239
6305.000,378300.000,9.394
6306.000,378360.000,9.460
6307.000,378420.000,9.853
6308.000,378480.000,9.905
6309.000,378540.000,9.446
6310.000,378600.000,9.093
6311.000,378660.000,9.723
6312.000,378720.000,9.439
6313.000,378780.000,9.782
6314.000,378840.000,9.239
6315.000,378900.000,9.089
6316.000,378960.000,9.450
6317.000,379020.000,9.052
6318.000,379080.000,9.102
6319.000,379140.000,9.485
6320.000,379200.000,9.490
6321.000,379260.000,9.193
6322.000,379320.000,9.159
6323.000,379380.000,9.764
6324.000,379440.000,9.278
6325.000,379500.000,9.871
6326.000,379560.000,9.115
6327.000,379620.000,9.318
6328.000,379680.000,9.630
6329.000,379740.000,9.417
6330.000,379800.000,9.546
6331.000,379860.000,9.015
6332.000,379920.000,9.899
6333.000,379980.000,9.599
6334.000,380040.000,9.751
6335.000,380100.000,9.034
6336.000,380160.000,9.801
6337.000,380220.000,9.074
6338.000,380280.000,9.931
6339.000,380340.000,9.688
6340.000,380400.000,9.017
6341.000,380460.000,9.022
6342.000,380520.000,9.968
6343.000,380580.000,9.442
6344.000,380640.000,9.523
6345.000,380700.000,9.058
6346.000,380760.000,9.751
6347.000,380820.000,9.310
6348.000,380880.000,9.771
6349.000,380940.000,9.353
6350.000,381000.000,9.403
6351.000,381060.000,9.508
6352.000,381120.000,9.220
6353.000,381180.000,9.251
6354.000,381240.000,9.277
6355.000,381300.000,9.517
6356.000,381360.000,9.993
6357.000,381420.000,9.770
6358.000,381480.000,9.772
6359.000,381540.000,9.498
6360.000,381600.000,9.791
6361.000,381660.000,9.621
6362.000,381720.000,9.296
6363.000,381780.000,9.491
6364.000,381840.000,9.784
6365.000,381900.000,9.052
6366.000,381960.000,9.715
6367.000,382020.000,9.513
6368.000,382080.000,9.306
6369.000,382140.000,9.695
6370.000,382200.000,9.257
6371.000,382260.000,9.343
6372.000,382320.000,9.388
6373.000,382380.000,9.649
6374.000,382440.000,9.035
6375.000,382500.000,9.976
6376.000,382560.000,9.911
6377.000,382620.000,9.401
6378.000,382680.000,9.336
6379.000,382740.000,9.969
6380.000,382800.000,9.732
6381.000,382860.000,9.271
6382.000,382920.000,9.283
6383.000,382980.000,9.201
6384.000,383040.000,9.747
6385.000,383100.000,9.076
6386.000,383160.000,9.445
6387.000,383220.000,9.534
6388.000,383280.000,9.934
6389.000,383340.000,9.904
6390.000,383400.000,9.993
6391.000,383460.000,9.153
6392.000,383520.000,9.716
6393.000,383580.000,9.329
6394.000,383640.000,9.686
6395.000,383700.000,9.496
6396.000,383760.000,9.831
6397.000,383820.000,9.552
6398.000,383880.000,9.480
6399.000,383940.000,9.564
6400.000,384000.000,9.787
6401.000,384060.000,9.211
6402.000,384120.000,9.545
6403.000,384180.000,9.826
6404.000,384240.000,9.155
6405.000,384300.000,9.628
6406.000,384360.000,9.931
6407.000,384420.000,9.874
6408.000,384480.000,9.942
6409.000,384540.000,9.396
6410.000,384600.000,9.050
6411.000,384660.000,9.032
6412.000,384720.000,9.428
6413.000,384780.000,9.584
6414.000,384840.000,9.354
6415.000,384900.000,9.443
6416.000,384960.000,9.880
6417.000,385020.000,9.456
6418.000,385080.000,9.834
6419.000,385140.000,9.431
6420.000,385200.000,9.272
6421.000,385260.000,9.331
6422.000,385320.000,9.714
6423.000,385380.000,9.206
6424.000,385440.000,9.554
6425.000,385500.000,9.119
6426.000,385560.000,9.883
6427.000,385620.000,9.206
6428.000,385680.000,9.940
6429.000,385740.000,9.200
6430.000,385800.000,9.040
6431.000,385860.000,9.940
6432.000,385920.000,9.463
6433.000,385980.000,9.698
6434.000,386040.000,9.451
6435.000,386100.000,9.657
6436.000,386160.000,9.644
6437.000,386220.000,9.548
6438.000,386280.000,9.317
6439.000,386340.000,9.603
6440.000,386400.000,9.647
6441.000,386460.000,9.482
6442.000,386520.000,9.561
6443.000,386580.000,9.902
6444.000,386640.000,9.523
6445.000,386700.000,9.378
6446.000,386760.000,9.462
6447.000,386820.000,9.336
6448.000,386880.000,9.661
6449.000,386940.000,9.669
6450.000,387000.000,9.298
6451.000,387060.000,9.045
6452.000,387120.000,9.094
6453.000,387180.000,9.054
6454.000,387240.000,9.268
6455.000,387300.000,9.534
6456.000,387360.000,9.022
6457.000,387420.000,9.510
6458.000,387480.000,9.040
6459.000,387540.000,9.670
6460.000,387600.000,9.700
6461.000,387660.000,9.444
6462.000,387720.000,9.725
6463.000,387780.000,9.756
6464.000,387840.000,9.234
6465.000,387900.000,9.955
6466.000,387960.000,9.409
6467.000,388020.000,9.295
6468.000,388080.000,9.335
6469.000,388140.000,9.290
6470.000,388200.000,9.705
6471.000,388260.000,9.073
6472.000,388320.000,9.560
6473.000,388380.000,9.549
6474.000,388440.000,9.490
6475.000,388500.000,9.400
6476.000,388560.000,9.159
6477.000,388620.000,9.142
6478.000,388680.000,9.565
6479.000,388740.000,9.470
6480.000,388800.000,9.221
6481.000,388860.000,9.251
6482.000,388920.000,9.988
6483.000,388980.000,9.514
6484.000,389040.000,9.966
6485.000,389100.000,9.485
6486.000,389160.000,9.373
6487.000,389220.000,9.694
6488.000,389280.000,9.479
6489.000,389340.000,9.961
6490.000,389400.000,9.476
6491.000,389460.000,9.599
6492.000,389520.000,9.610
6493.000,389580.000,9.701
6494.000,389640.000,9.100
6495.000,389700.000,9.182
6496.000,389760.000,9.473
6497.000,389820.000,9.632
6498.000,389880.000,9.098
6499.000,389940.000,9.035
6500.000,390000.000,9.587
6501.000,390060.000,9.129
6502.000,390120.000,9.292
6503.000,390180.000,9.720
6504.000,390240.000,9.825
6505.000,390300.000,9.810
6506.000,390360.000,9.797
6507.000,390420.000,9.058
6508.000,390480.000,9.847
6509.000,390540.000,9.170
6510.000,390600.000,9.489
6511.000,390660.000,9.451
6512.000,390720.000,9.703
6513.000,390780.000,9.923
6514.000,390840.000,9.826
6515.000,390900.000,9.653
6516.000,390960.000,9.120
6517.000,391020.000,9.125
6518.000,391080.000,9.545
6519.000,391140.000,9.852
6520.000,391200.000,9.698
6521.000,391260.000,9.831
6522.000,391320.000,9.743
6523.000,391380.000,9.074
6524.000,391440.000,9.444
6525.000,391500.000,9.956
6526.000,391560.000,9.711
6527.000,391620.000,9.990
6528.000,391680.000,9.885
6529.000,391740.000,9.979
6530.000,391800.000,9.694
6531.000,391860.000,9.961
6532.000,391920.000,9.824
6533.000,391980.000,9.580
6534.000,392040.000,9.770
6535.000,392100.000,9.385
6536.000,392160.000,9.863
6537.000,392220.000,9.969
6538.000,392280.000,9.391
6539.000,392340.000,9.707
6540.000,392400.000,9.998
6541.000,392460.000,9.408
6542.000,392520.000,9.616
6543.000,392580.000,9.933
6544.000,392640.000,9.437
6545.000,392700.000,9.008
6546.000,392760.000,9.056
6547.000,392820.000,9.335
6548.000,392880.000,9.165
6549.000,392940.000,9.979
6550.000,393000.000,9.649
6551.000,393060.000,9.276
6552.000,393120.000,9.662
6553.000,393180.000,9.242
6554.000,393240.000,9.349
6555.000,393300.000,9.213
6556.000,393360.000,9.633
6557.000,393420.000,9.093
6558.000,393480.000,9.887
6559.000,393540.000,9.861
6560.000,393600.000,9.025
6561.000,393660.000,9.941
6562.000,393720.000,9.356
6563.000,393780.000,9.357
6564.000,393840.000,9.555
6565.000,393900.000,9.477
6566.000,393960.000,9.525
6567.000,394020.000,9.033
6568.000,394080.000,9.576
6569.000,394140.000,9.108
6570.000,394200.000,9.838
6571.000,394260.000,9.570
6572.000,394320.000,9.624
6573.000,394380.000,9.833
6574.000,394440.000,9.525
6575.000,394500.000,9.137
6576.000,394560.000,9.431
6577.000,394620.000,9.724
6578.000,394680.000,9.665
6579.000,394740.000,9.274
6580.000,394800.000,9.203
6581.000,394860.000,9.546
6582.000,394920.000,9.332
6583.000,394980.000,9.600
6584.000,395040.000,9.240
6585.000,395100.000,9.977
6586.000,395160.000,9.682
6587.000,395220.000,9.764
6588.000,395280.000,9.247
6589.000,395340.000,9.093
6590.000,395400.000,9.746
6591.000,395460.000,9.726
6592.000,395520.000,9.662
6593.000,395580.000,9.095
6594.000,395640.000,9.807
6595.000,395700.000,9.963
6596.000,395760.000,9.766
6597.000,395820.000,9.905
6598.000,395880.000,9.723
6599.000,395940.000,9.089
6600.000,396000.000,9.163
6601.000,396060.000,9.986
6602.000,396120.000,9.283
6603.000,396180.000,9.107
6604.000,396240.000,9.783
6605.000,396300.000,9.089
6606.000,396360.000,9.085
6607.000,396420.000,9.607
6608.000,396480.000,9.864
6609.000,396540.000,9.182
6610.000,396600.000,9.137
6611.000,396660.000,9.616
6612.000,396720.000,9.939
6613.000,396780.000,9.916
6614.000,396840.000,9.430
6615.000,396900.000,9.616
6616.000,396960.000,9.682
6617.000,397020.000,9.658
6618.000,397080.000,9.928
6619.000,397140.000,9.556
6620.000,397200.000,9.717
6621.000,397260.000,9.039
6622.000,397320.000,9.609
6623.000,397380.000,9.354
6624.000,397440.000,9.254
6625.000,397500.000,9.387
6626.000,397560.000,9.365
6627.000,397620.000,9.730
6628.000,397680.000,9.787
6629.000,397740.000,9.062
6630.000,397800.000,9.912
6631.000,397860.000,9.005
6632.000,397920.000,9.024
6633.000,397980.000,9.135
6634.000,398040.000,9.578
6635.000,398100.000,9.918
6636.000,398160.000,9.804
6637.000,398220.000,9.709
6638.000,398280.000,9.096
6639.000,398340.000,9.145
6640.000,398400.000,9.740
6641.000,398460.000,9.655
6642.000,398520.000,9.472
6643.000,398580.000,9.701
6644.000,398640.000,9.718
6645.000,398700.000,9.035
6646.000,398760.000,9.813
6647.000,398820.000,9.600
6648.000,398880.000,9.086
6649.000,398940.000,9.106
6650.000,399000.000,9.623
6651.000,399060.000,9.498
6652.000,399120.000,9.295
6653.000,399180.000,9.920
6654.000,399240.000,9.657
6655.000,399300.000,9.548
6656.000,399360.000,9.003
6657.000,399420.000,9.765
6658.000,399480.000,9.978
6659.000,399540.000,9.312
6660.000,399600.000,9.880
6661.000,399660.000,9.090
6662.000,399720.000,9.569
6663.000,399780.000,9.274
6664.000,399840.000,9.321
6665.000,399900.000,9.231
6666.000,399960.000,9.797
6667.000,400020.000,9.275
6668.000,400080.000,9.728
6669.000,400140.000,9.494
6670.000,400200.000,9.207
6671.000,400260.000,9.046
6672.000,400320.000,9.752
6673.000,400380.000,9.380
6674.000,400440.000,9.733
6675.000,400500.000,9.587
6676.000,400560.000,9.801
6677.000,400620.000,9.264
6678.000,400680.000,9.765
6679.000,400740.000,9.982
6680.000,400800.000,9.186
6681.000,400860.000,9.658
6682.000,400920.000,9.713
6683.000,400980.000,9.836
6684.000,401040.000,9.682
6685.000,401100.000,9.303
6686.000,401160.000,9.609
6687.000,401220.000,9.848
6688.000,401280.000,9.407
6689.000,401340.000,9.758
6690.000,401400.000,9.383
6691.000,401460.000,9.048
6692.000,401520.000,9.922
6693.000,401580.000,9.814
6694.000,401640.000,9.680
6695.000,401700.000,9.700
6696.000,401760.000,9.873
6697.000,401820.000,9.903
6698.000,401880.000,9.529
6699.000,401940.000,9.392
6700.000,402000.000,9.062
6701.000,402060.000,9.083
6702.000,402120.000,9.019
6703.000,402180.000,9.926
6704.000,402240.000,9.419
6705.000,402300.000,9.432
6706.000,402360.000,9.991
6707.000,402420.000,9.055
6708.000,402480.000,9.270
6709.000,402540.000,9.239
6710.000,402600.000,9.764
6711.000,402660.000,9.406
6712.000,402720.000,9.970
6713.000,402780.000,9.595
6714.000,402840.000,9.189
6715.000,402900.000,9.913
6716.000,402960.000,9.351
6717.000,403020.000,9.630
6718.000,403080.000,9.751
6719.000,403140.000,9.320
6720.000,403200.000,9.118
6721.000,403260.000,9.885
6722.000,403320.000,9.102
6723.000,403380.000,9.139
6724.000,403440.000,9.867
6725.000,403500.000,9.793
6726.000,403560.000,9.574
6727.000,403620.000,9.992
6728.000,403680.000,9.264
6729.000,403740.000,9.447
6730.000,403800.000,9.310
6731.000,403860.000,9.027
6732.000,403920.000,9.093
6733.000,403980.000,9.204
6734.000,404040.000,9.819
6735.000,404100.000,9.208
6736.000,404160.000,9.129
6737.000,404220.000,9.676
6738.000,404280.000,9.287
6739.000,404340.000,9.376
6740.000,404400.000,9.733
6741.000,404460.000,9.138
6742.000,404520.000,9.840
6743.000,404580.000,9.724
6744.000,404640.000,9.080
6745.000,404700.000,9.733
6746.000,404760.000,9.326
6747.000,404820.000,9.880
6748.000,404880.000,9.062
6749.000,404940.000,9.421
6750.000,405000.000,9.094
6751.000,405060.000,9.436
6752.000,405120.000,9.403
6753.000,405180.000,9.516
6754.000,405240.000,9.864
6755.000,405300.000,9.475
6756.000,405360.000,9.316
6757.000,405420.000,9.119
6758.000,405480.000,9.732
6759.000,405540.000,9.289
6760.000,405600.000,9.170
6761.000,405660.000,9.437
6762.000,405720.000,9.397
6763.000,405780.000,9.900
6764.000,405840.000,9.222
6765.000,405900.000,9.436
6766.000,405960.000,9.948
6767.000,406020.000,9.623
6768.000,406080.000,9.916
6769.000,406140.000,9.977
6770.000,406200.000,9.636
6771.000,406260.000,9.164
6772.000,406320.000,9.894
6773.000,406380.000,9.857
6774.000,406440.000,9.009
6775.000,406500.000,9.676
6776.000,406560.000,9.662
6777.000,406620.000,9.015
6778.000,406680.000,9.795
6779.000,406740.000,9.871
6780.000,406800.000,9.196
6781.000,406860.000,9.435
6782.000,406920.000,9.253
6783.000,406980.000,9.982
6784.000,407040.000,9.952
6785.000,407100.000,9.751
6786.000,407160.000,9.107
6787.000,407220.000,9.441
6788.000,407280.000,9.570
6789.000,407340.000,9.241
6790.000,407400.000,9.770
6791.000,407460.000,9.223
6792.000,407520.000,9.575
6793.000,407580.000,9.011
6794.000,407640.000,9.505
6795.000,407700.000,9.011
6796.000,407760.000,9.809
6797.000,407820.000,9.902
6798.000,407880.000,9.278
6799.000,407940.000,9.811
6800.000,408000.000,9.191
6801.000,408060.000,9.160
6802.000,408120.000,9.633
6803.000,408180.000,9.310
6804.000,408240.000,9.080
6805.000,408300.000,9.066
6806.000,408360.000,9.000
6807.000,408420.000,9.633
6808.000,408480.000,9.480
6809.000,408540.000,9.979
6810.000,408600.000,9.375
6811.000,408660.000,9.854
6812.000,408720.000,9.951
6813.000,408780.000,9.917
6814.000,408840.000,9.236
6815.000,408900.000,9.300
6816.000,408960.000,9.376
6817.000,409020.000,9.460
6818.000,409080.000,9.095
6819.000,409140.000,9.993
6820.000,409200.000,9.948
6821.000,409260.000,9.703
6822.000,409320.000,9.645
6823.000,409380.000,9.329
6824.000,409440.000,9.897
6825.000,409500.000,9.523
6826.000,409560.000,9.146
6827.000,409620.000,9.940
6828.000,409680.000,9.967
6829.000,409740.000,9.348
6830.000,409800.000,9.806
6831.000,409860.000,9.788
6832.000,409920.000,9.645
6833.000,409980.000,9.593
6834.000,410040.000,9.999
6835.000,410100.000,9.168
6836.000,410160.000,9.869
6837.000,410220.000,9.687
6838.000,410280.000,9.673
6839.000,410340.000,9.691
6840.000,410400.000,9.887
6841.000,410460.000,9.909
6842.000,410520.000,9.032
6843.000,410580.000,9.025
6844.000,410640.000,9.136
6845.000,410700.000,9.831
6846.000,410760.000,9.678
6847.000,410820.000,9.166
6848.000,410880.000,9.294
6849.000,410940.000,9.332
6850.000,411000.000,9.374
6851.000,411060.000,9.316
6852.000,411120.000,9.984
6853.000,411180.000,9.912
6854.000,411240.000,9.149
6855.000,411300.000,9.922
6856.000,411360.000,9.310
6857.000,411420.000,9.173
6858.000,411480.000,9.237
6859.000,411540.000,9.679
6860.000,411600.000,9.643
6861.000,411660.000,9.870
6862.000,411720.000,9.294
6863.000,411780.000,9.763
6864.000,411840.000,9.786
6865.000,411900.000,9.398
6866.000,411960.000,9.887
6867.000,412020.000,9.958
6868.000,412080.000,9.254
6869.000,412140.000,9.672
6870.000,412200.000,9.556
6871.000,412260.000,9.501
6872.000,412320.000,9.481
6873.000,412380.000,9.056
6874.000,412440.000,9.369
6875.000,412500.000,9.873
6876.000,412560.000,9.457
6877.000,412620.000,9.293
6878.000,412680.000,9.947
6879.000,412740.000,9.006
6880.000,412800.000,9.646
6881.000,412860.000,9.923
6882.000,412920.000,9.403
6883.000,412980.000,9.659
6884.000,413040.000,9.611
6885.000,413100.000,9.518
6886.000,413160.000,9.901
6887.000,413220.000,9.428
6888.000,413280.000,9.388
6889.000,413340.000,9.288
6890.000,413400.000,9.131
6891.000,413460.000,9.839
6892.000,413520.000,9.736
6893.000,413580.000,9.829
6894.000,413640.000,9.403
6895.000,413700.000,9.378
6896.000,413760.000,9.595
6897.000,413820.000,9.460
6898.000,413880.000,9.816
6899.000,413940.000,9.478
6900.000,414000.000,9.911
6901.000,414060.000,9.429
6902.000,414120.000,9.477
6903.000,414180.000,9.479
6904.000,414240.000,9.712
6905.000,414300.000,9.957
6906.000,414360.000,9.097
6907.000,414420.000,9.017
6908.000,414480.000,9.448
6909.000,414540.000,9.354
6910.000,414600.000,9.219
6911.000,414660.000,9.021
6912.000,414720.000,9.130
6913.000,414780.000,9.534
6914.000,414840.000,9.349
6915.000,414900.000,9.342
6916.000,414960.000,9.537
6917.000,415020.000,9.728
6918.000,415080.000,9.464
6919.000,415140.000,9.815
6920.000,415200.000,9.919
6921.000,415260.000,9.461
6922.000,415320.000,9.804
6923.000,415380.000,9.247
6924.000,415440.000,9.310
6925.000,415500.000,9.138
6926.000,415560.000,9.667
6927.000,415620.000,9.289
6928.000,415680.000,9.702
6929.000,415740.000,9.291
6930.000,415800.000,9.453
6931.000,415860.000,9.050
6932.000,415920.000,9.933
6933.000,415980.000,9.346
6934.000,416040.000,9.472
6935.000,416100.000,9.697
6936.000,416160.000,9.764
6937.000,416220.000,9.354
6938.000,416280.000,9.003
6939.000,416340.000,9.334
6940.000,416400.000,9.481
6941.000,416460.000,9.024
6942.000,416520.000,9.664
6943.000,416580.000,9.351
6944.000,416640.000,9.971
6945.000,416700.000,9.243
6946.000,416760.000,9.705
6947.000,416820.000,9.306
6948.000,416880.000,9.440
6949.000,416940.000,9.034
6950.000,417000.000,9.985
6951.000,417060.000,9.825
6952.000,417120.000,9.450
6953.000,417180.000,9.559
6954.000,417240.000,9.591
6955.000,417300.000,9.551
6956.000,417360.000,9.190
6957.000,417420.000,9.700
6958.000,417480.000,9.764
6959.000,417540.000,9.908
6960.000,417600.000,9.250
6961.000,417660.000,9.988
6962.000,417720.000,9.584
6963.000,417780.000,9.797
6964.000,417840.000,9.860
6965.000,417900.000,9.380
6966.000,417960.000,9.788
6967.000,418020.000,9.671
6968.000,418080.000,9.649
6969.000,418140.000,9.591
6970.000,418200.000,9.946
6971.000,418260.000,9.284
6972.000,418320.000,9.482
6973.000,418380.000,9.496
6974.000,418440.000,9.476
6975.000,418500.000,9.369
6976.000,418560.000,9.502
6977.000,418620.000,9.983
6978.000,418680.000,9.097
6979.000,418740.000,9.117
6980.000,418800.000,9.784
6981.000,418860.000,9.174
6982.000,418920.000,9.820
6983.000,418980.000,9.753
6984.000,419040.000,9.304
6985.000,419100.000,9.413
6986.000,419160.000,9.979
6987.000,419220.000,9.743
6988.000,419280.000,9.592
6989.000,419340.000,9.306
6990.000,419400.000,9.018
6991.000,419460.000,9.505
6992.000,419520.000,9.671
6993.000,419580.000,9.719
6994.000,419640.000,9.527
6995.000,419700.000,9.120
6996.000,419760.000,9.791
6997.000,419820.000,9.242
6998.000,419880.000,9.682
6999.000,419940.000,9.799
7000.000,420000.000,9.508
7001.000,420060.000,9.168
7002.000,420120.000,9.302
7003.000,420180.000,9.889
7004.000,420240.000,9.270
7005.000,420300.000,9.429
7006.000,420360.000,9.526
7007.000,420420.000,9.373
7008.000,420480.000,9.300
7009.000,420540.000,9.591
7010.000,420600.000,9.353
7011.000,420660.000,9.327
7012.000,420720.000,9.969
7013.000,420780.000,9.060
7014.000,420840.000,9.727
7015.000,420900.000,9.206
7016.000,420960.000,9.407
7017.000,421020.000,9.009
7018.000,421080.000,9.459
7019.000,421140.000,9.259
7020.000,421200.000,9.556
7021.000,421260.000,9.248
7022.000,421320.000,9.104
7023.000,421380.000,9.675
7024.000,421440.000,9.313
7025.000,421500.000,9.611
7026.000,421560.000,9.492
7027.000,421620.000,9.856
7028.000,421680.000,9.792
7029.000,421740.000,9.240
7030.000,421800.000,9.534
7031.000,421860.000,9.147
7032.000,421920.000,9.230
7033.000,421980.000,9.121
7034.000,422040.000,9.431
7035.000,422100.000,9.279
7036.000,422160.000,9.220
7037.000,422220.000,9.551
7038.000,422280.000,9.395
7039.000,422340.000,9.694
7040.000,422400.000,9.485
7041.000,422460.000,9.625
7042.000,422520.000,9.726
7043.000,422580.000,9.980
7044.000,422640.000,9.342
7045.000,422700.000,9.903
7046.000,422760.000,9.763
7047.000,422820.000,9.657
7048.000,422880.000,9.286
7049.000,422940.000,9.750
7050.000,423000.000,9.658
7051.000,423060.000,9.255
7052.000,423120.000,9.558
7053.000,423180.000,9.056
7054.000,423240.000,9.492
7055.000,423300.000,9.738
7056.000,423360.000,9.981
7057.000,423420.000,9.040
7058.000,423480.000,9.837
7059.000,423540.000,9.476
7060.000,423600.000,9.283
7061.000,423660.000,9.859
7062.000,423720.000,9.221
7063.000,423780.000,9.479
7064.000,423840.000,9.144
7065.000,423900.000,9.606
7066.000,423960.000,9.205
7067.000,424020.000,9.519
7068.000,424080.000,9.347
7069.000,424140.000,9.089
7070.000,424200.000,9.768
7071.000,424260.000,9.955
7072.000,424320.000,9.080
7073.000,424380.000,9.066
7074.000,424440.000,9.453
7075.000,424500.000,9.346
7076.000,424560.000,9.237
7077.000,424620.000,9.556
7078.000,424680.000,9.432
7079.000,424740.000,9.949
7080.000,424800.000,9.642
7081.000,424860.000,9.229
7082.000,424920.000,9.619
7083.000,424980.000,9.047
7084.000,425040.000,9.351
7085.000,425100.000,9.754
7086.000,425160.000,9.034
7087.000,425220.000,9.493
7088.000,425280.000,9.048
7089.000,425340.000,9.265
7090.000,425400.000,9.100
7091.000,425460.000,9.420
7092.000,425520.000,9.885
7093.000,425580.000,9.651
7094.000,425640.000,9.282
7095.000,425700.000,9.085
7096.000,425760.000,9.712
7097.000,425820.000,9.346
7098.000,425880.000,9.984
7099.000,425940.000,9.912
7100.000,426000.000,9.157
7101.000,426060.000,9.189
7102.000,426120.000,9.180
7103.000,426180.000,9.711
7104.000,426240.000,9.671
7105.000,426300.000,9.723
7106.000,426360.000,9.382
7107.000,426420.000,9.642
7108.000,426480.000,9.339
7109.000,426540.000,9.854
7110.000,426600.000,9.782
7111.000,426660.000,9.492
7112.000,426720.000,9.003
7113.000,426780.000,9.256
7114.000,426840.000,9.319
7115.000,426900.000,9.776
7116.000,426960.000,9.450
7117.000,427020.000,9.431
7118.000,427080.000,9.350
7119.000,427140.000,9.194
7120.000,427200.000,9.439
7121.000,427260.000,9.569
7122.000,427320.000,9.643
7123.000,427380.000,9.663
7124.000,427440.000,9.013
7125.000,427500.000,9.942
7126.000,427560.000,9.746
7127.000,427620.000,9.665
7128.000,427680.000,9.659
7129.000,427740.000,9.235
7130.000,427800.000,9.108
7131.000,427860.000,9.608
7132.000,427920.000,9.916
7133.000,427980.000,9.335
7134.000,428040.000,9.704
7135.000,428100.000,9.705
7136.000,428160.000,9.181
7137.000,428220.000,9.469
7138.000,428280.000,9.636
7139.000,428340.000,9.354
7140.000,428400.000,9.025
7141.000,428460.000,9.535
7142.000,428520.000,9.557
7143.000,428580.000,9.880
7144.000,428640.000,9.271
7145.000,428700.000,9.751
7146.000,428760.000,9.784
7147.000,428820.000,9.419
7148.000,428880.000,9.383
7149.000,428940.000,9.089
7150.000,429000.000,9.264
7151.000,429060.000,9.715
7152.000,429120.000,9.510
7153.000,429180.000,9.782
7154.000,429240.000,9.388
7155.000,429300.000,9.876
7156.000,429360.000,9.593
7157.000,429420.000,9.774
7158.000,429480.000,9.619
7159.000,429540.000,9.037
7160.000,429600.000,9.548
7161.000,429660.000,9.684
7162.000,429720.000,9.651
7163.000,429780.000,9.781
7164.000,429840.000,9.173
7165.000,429900.000,9.765
7166.000,429960.000,9.686
7167.000,430020.000,9.672
7168.000,430080.000,9.446
7169.000,430140.000,9.338
7170.000,430200.000,9.219
7171.000,430260.000,9.280
7172.000,430320.000,9.385
7173.000,430380.000,9.408
7174.000,430440.000,9.726
7175.000,430500.000,9.042
7176.000,430560.000,9.157
7177.000,430620.000,9.861
7178.000,430680.000,9.953
7179.000,430740.000,9.863
7180.000,430800.000,9.831
7181.000,430860.000,9.030
7182.000,430920.000,9.818
7183.000,430980.000,9.342
7184.000,431040.000,9.952
7185.000,431100.000,9.314
7186.000,431160.000,9.587
7187.000,431220.000,9.697
7188.000,431280.000,9.471
7189.000,431340.000,9.537
7190.000,431400.000,9.089
7191.000,431460.000,9.419
7192.000,431520.000,9.469
7193.000,431580.000,9.029
7194.000,431640.000,9.610
7195.000,431700.000,9.202
7196.000,431760.000,9.501
7197.000,431820.000,9.420
7198.000,431880.000,9.591
7199.000,431940.000,9.032
7200.000,432000.000,9.447
7201.000,432060.000,9.709
7202.000,432120.000,9.089
7203.000,432180.000,9.994
7204.000,432240.000,9.350
7205.000,432300.000,9.945
7206.000,432360.000,9.144
7207.000,432420.000,9.058
7208.000,432480.000,9.660
7209.000,432540.000,9.357
7210.000,432600.000,9.213
7211.000,432660.000,9.653
7212.000,432720.000,9.108
7213.000,432780.000,9.551
7214.000,432840.000,9.710
7215.000,432900.000,9.569
7216.000,432960.000,9.552
7217.000,433020.000,9.833
7218.000,433080.000,9.604
7219.000,433140.000,9.607
7220.000,433200.000,9.681
7221.000,433260.000,9.535
7222.000,433320.000,9.319
7223.000,433380.000,9.822
7224.000,433440.000,9.907
7225.000,433500.000,9.889
7226.000,433560.000,9.066
7227.000,433620.000,9.165
7228.000,433680.000,9.376
7229.000,433740.000,9.423
7230.000,433800.000,9.460
7231.000,433860.000,9.712
7232.000,433920.000,9.658
7233.000,433980.000,9.635
7234.000,434040.000,9.854
7235.000,434100.000,9.416
7236.000,434160.000,9.667
7237.000,434220.000,9.580
7238.000,434280.000,9.412
7239.000,434340.000,9.813
7240.000,434400.000,9.305
7241.000,434460.000,9.263
7242.000,434520.000,9.162
7243.000,434580.000,9.974
7244.000,434640.000,9.470
7245.000,434700.000,9.724
7246.000,434760.000,9.336
7247.000,434820.000,9.302
7248.000,434880.000,9.294
7249.000,434940.000,9.156
7250.000,435000.000,9.635
7251.000,435060.000,9.939
7252.000,435120.000,9.950
7253.000,435180.000,9.165
7254.000,435240.000,9.251
7255.000,435300.000,9.960
7256.000,435360.000,9.834
7257.000,435420.000,9.513
7258.000,435480.000,9.906
7259.000,435540.000,9.603
7260.000,435600.000,9.812
7261.000,435660.000,9.308
7262.000,435720.000,9.369
7263.000,435780.000,9.663
7264.000,435840.000,9.016
7265.000,435900.000,9.195
7266.000,435960.000,9.104
7267.000,436020.000,9.988
7268.000,436080.000,9.469
7269.000,436140.000,9.473
7270.000,436200.000,9.366
7271.000,436260.000,9.890
7272.000,436320.000,9.461
7273.000,436380.000,9.722
7274.000,436440.000,9.170
7275.000,436500.000,9.423
7276.000,436560.000,9.631
7277.000,436620.000,9.943
7278.000,436680.000,9.345
7279.000,436740.000,9.198
7280.000,436800.000,9.534
7281.000,436860.000,9.079
7282.000,436920.000,9.219
7283.000,436980.000,9.260
7284.000,437040.000,9.039
7285.000,437100.000,9.659
7286.000,437160.000,9.477
7287.000,437220.000,9.466
7288.000,437280.000,9.656
7289.000,437340.000,9.770
7290.000,437400.000,9.673
7291.000,437460.000,9.477
7292.000,437520.000,9.663
7293.000,437580.000,9.243
7294.000,437640.000,9.587
7295.000,437700.000,9.585
7296.000,437760.000,9.504
7297.000,437820.000,9.572
7298.000,437880.000,9.457
7299.000,437940.000,9.125
7300.000,438000.000,9.438
7301.000,438060.000,9.087
7302.000,438120.000,9.977
7303.000,438180.000,9.150
7304.000,438240.000,9.491
7305.000,438300.000,9.779
7306.000,438360.000,9.947
7307.000,438420.000,9.563
7308.000,438480.000,9.354
7309.000,438540.000,9.012
7310.000,438600.000,9.938
7311.000,438660.000,9.513
7312.000,438720.000,9.804
7313.000,438780.000,9.656
7314.000,438840.000,9.836
7315.000,438900.000,9.982
7316.000,438960.000,9.228
7317.000,439020.000,9.303
7318.000,439080.000,9.178
7319.000,439140.000,9.518
7320.000,439200.000,9.001
7321.000,439260.000,9.412
7322.000,439320.000,9.261
7323.000,439380.000,9.452
7324.000,439440.000,9.519
7325.000,439500.000,9.137
7326.000,439560.000,9.093
7327.000,439620.000,9.955
7328.000,439680.000,9.412
7329.000,439740.000,9.594
7330.000,439800.000,9.691
7331.000,439860.000,9.973
7332.000,439920.000,9.198
7333.000,439980.000,9.860
7334.000,440040.000,9.495
7335.000,440100.000,9.449
7336.000,440160.000,9.734
7337.000,440220.000,9.197
7338.000,440280.000,9.055
7339.000,440340.000,9.653
7340.000,440400.000,9.556
7341.000,440460.000,9.489
7342.000,440520.000,9.920
7343.000,440580.000,9.504
7344.000,440640.000,9.413
7345.000,440700.000,9.058
7346.000,440760.000,9.204
7347.000,440820.000,9.438
7348.000,440880.000,9.611
7349.000,440940.000,9.088
7350.000,441000.000,9.079
7351.000,441060.000,9.267
7352.000,441120.000,9.590
7353.000,441180.000,9.050
7354.000,441240.000,9.367
7355.000,441300.000,9.613
7356.000,441360.000,9.642
7357.000,441420.000,9.325
7358.000,441480.000,9.370
7359.000,441540.000,9.962
7360.000,441600.000,9.908
7361.000,441660.000,9.015
7362.000,441720.000,9.068
7363.000,441780.000,9.598
7364.000,441840.000,9.001
7365.000,441900.000,9.826
7366.000,441960.000,9.360
7367.000,442020.000,9.720
7368.000,442080.000,9.420
7369.000,442140.000,9.623
7370.000,442200.000,9.533
7371.000,442260.000,9.623
7372.000,442320.000,9.413
7373.000,442380.000,9.629
7374.000,442440.000,9.300
7375.000,442500.000,9.587
7376.000,442560.000,9.221
7377.000,442620.000,9.163
7378.000,442680.000,9.303
7379.000,442740.000,9.267
7380.000,442800.000,9.089
7381.000,442860.000,9.688
7382.000,442920.000,9.757
7383.000,442980.000,9.797
7384.000,443040.000,9.377
7385.000,443100.000,9.778
7386.000,443160.000,9.391
7387.000,443220.000,9.762
7388.000,443280.000,9.903
7389.000,443340.000,9.460
7390.000,443400.000,9.116
7391.000,443460.000,9.626
7392.000,443520.000,9.602
7393.000,443580.000,9.702
7394.000,443640.000,9.757
7395.000,443700.000,9.015
7396.000,443760.000,9.280
7397.000,443820.000,9.027
7398.000,443880.000,9.333
7399.000,443940.000,9.563
7400.000,444000.000,9.296
7401.000,444060.000,9.117
7402.000,444120.000,9.456
7403.000,444180.000,9.180
7404.000,444240.000,9.562
7405.000,444300.000,9.668
7406.000,444360.000,9.460
7407.000,444420.000,9.039
7408.000,444480.000,9.801
7409.000,444540.000,9.791
7410.000,444600.000,9.974
7411.000,444660.000,9.236
7412.000,444720.000,9.251
7413.000,444780.000,9.562
7414.000,444840.000,9.273
7415.000,444900.000,9.803
7416.000,444960.000,9.221
7417.000,445020.000,9.431
7418.000,445080.000,9.001
7419.000,445140.000,9.912
7420.000,445200.000,9.062
7421.000,445260.000,9.858
7422.000,445320.000,9.187
7423.000,445380.000,9.546
7424.000,445440.000,9.687
7425.000,445500.000,9.075
7426.000,445560.000,9.341
7427.000,445620.000,9.274
7428.000,445680.000,9.695
7429.000,445740.000,9.825
7430.000,445800.000,9.516
7431.000,445860.000,9.868
7432.000,445920.000,9.355
7433.000,445980.000,9.632
7434.000,446040.000,9.810
7435.000,446100.000,9.847
7436.000,446160.000,9.119
7437.000,446220.000,9.354
7438.000,446280.000,9.771
7439.000,446340.000,9.477
7440.000,446400.000,9.011
7441.000,446460.000,9.225
7442.000,446520.000,9.627
7443.000,446580.000,9.903
7444.000,446640.000,9.862
7445.000,446700.000,9.263
7446.000,446760.000,9.683
7447.000,446820.000,9.834
7448.000,446880.000,9.681
7449.000,446940.000,9.592
7450.000,447000.000,9.187
7451.000,447060.000,9.114
7452.000,447120.000,9.620
7453.000,447180.000,9.532
7454.000,447240.000,9.623
7455.000,447300.000,9.143
7456.000,447360.000,9.363
7457.000,447420.000,9.479
7458.000,447480.000,9.858
7459.000,447540.000,9.480
7460.000,447600.000,9.151
7461.000,447660.000,9.165
7462.000,447720.000,9.495
7463.000,447780.000,9.560
7464.000,447840.000,9.680
7465.000,447900.000,9.341
7466.000,447960.000,9.238
7467.000,448020.000,9.210
7468.000,448080.000,9.542
7469.000,448140.000,9.002
7470.000,448200.000,9.254
7471.000,448260.000,9.887
7472.000,448320.000,9.432
7473.000,448380.000,9.313
7474.000,448440.000,9.190
7475.000,448500.000,9.918
7476.000,448560.000,9.402
7477.000,448620.000,9.881
7478.000,448680.000,9.663
7479.000,448740.000,9.918
7480.000,448800.000,9.470
7481.000,448860.000,9.244
7482.000,448920.000,9.355
7483.000,448980.000,9.888
7484.000,449040.000,9.006
7485.000,449100.000,9.226
7486.000,449160.000,9.570
7487.000,449220.000,9.184
7488.000,449280.000,9.230
7489.000,449340.000,9.552
7490.000,449400.000,9.724
7491.000,449460.000,9.999
7492.000,449520.000,9.949
7493.000,449580.000,9.728
7494.000,449640.000,9.367
7495.000,449700.000,9.733
7496.000,449760.000,9.157
7497.000,449820.000,9.975
7498.000,449880.000,9.666
7499.000,449940.000,9.965
7500.000,450000.000,9.572
7501.000,450060.000,9.251
7502.000,450120.000,9.814
7503.000,450180.000,9.502
7504.000,450240.000,9.945
7505.000,450300.000,9.609
7506.000,450360.000,9.015
7507.000,450420.000,9.828
7508.000,450480.000,9.664
7509.000,450540.000,9.283
7510.000,450600.000,9.211
7511.000,450660.000,9.321
7512.000,450720.000,9.987
7513.000,450780.000,9.671
7514.000,450840.000,9.812
7515.000,450900.000,9.149
7516.000,450960.000,9.098
7517.000,451020.000,9.781
7518.000,451080.000,9.921
7519.000,451140.000,9.401
7520.000,451200.000,9.303
7521.000,451260.000,9.339
7522.000,451320.000,9.113
7523.000,451380.000,9.028
7524.000,451440.000,9.387
7525.000,451500.000,9.696
7526.000,451560.000,9.076
7527.000,451620.000,9.658
7528.000,451680.000,9.726
7529.000,451740.000,9.605
7530.000,451800.000,9.023
7531.000,451860.000,9.498
7532.000,451920.000,9.093
7533.000,451980.000,9.243
7534.000,452040.000,9.786
7535.000,452100.000,9.775
7536.000,452160.000,9.251
7537.000,452220.000,9.306
7538.000,452280.000,9.836
7539.000,452340.000,9.306
7540.000,452400.000,9.309
7541.000,452460.000,9.221
7542.000,452520.000,9.758
7543.000,452580.000,9.750
7544.000,452640.000,9.151
7545.000,452700.000,9.569
7546.000,452760.000,9.632
7547.000,452820.000,9.191
7548.000,452880.000,9.562
7549.000,452940.000,9.430
7550.000,453000.000,9.650
7551.000,453060.000,9.500
7552.000,453120.000,9.190
7553.000,453180.000,9.536
7554.000,453240.000,9.906
7555.000,453300.000,9.237
7556.000,453360.000,9.867
7557.000,453420.000,9.689
7558.000,453480.000,9.386
7559.000,453540.000,9.588
7560.000,453600.000,9.667
7561.000,453660.000,9.337
7562.000,453720.000,9.950
7563.000,453780.000,9.819
7564.000,453840.000,9.283
7565.000,453900.000,9.641
7566.000,453960.000,9.431
7567.000,454020.000,9.220
7568.000,454080.000,9.569
7569.000,454140.000,9.846
7570.000,454200.000,9.809
7571.000,454260.000,9.311
7572.000,454320.000,9.263
7573.000,454380.000,9.589
7574.000,454440.000,9.161
7575.000,454500.000,9.395
7576.000,454560.000,9.500
7577.000,454620.000,9.774
7578.000,454680.000,9.815
7579.000,454740.000,9.529
7580.000,454800.000,9.666
7581.000,454860.000,9.821
7582.000,454920.000,9.797
7583.000,454980.000,9.565
7584.000,455040.000,9.135
7585.000,455100.000,9.473
7586.000,455160.000,9.024
7587.000,455220.000,9.865
7588.000,455280.000,9.810
7589.000,455340.000,9.063
7590.000,455400.000,9.253
7591.000,455460.000,9.665
7592.000,455520.000,9.612
7593.000,455580.000,9.402
7594.000,455640.000,9.088
7595.000,455700.000,9.421
7596.000,455760.000,9.570
7597.000,455820.000,9.595
7598.000,455880.000,9.239
7599.000,455940.000,9.470
7600.000,456000.000,9.865
7601.000,456060.000,9.028
7602.000,456120.000,9.365
7603.000,456180.000,9.647
7604.000,456240.000,9.921
7605.000,456300.000,9.462
7606.000,456360.000,9.327
7607.000,456420.000,9.560
7608.000,456480.000,9.034
7609.000,456540.000,9.120
7610.000,456600.000,9.260
7611.000,456660.000,9.803
7612.000,456720.000,9.574
7613.000,456780.000,9.435
7614.000,456840.000,9.732
7615.000,456900.000,9.795
7616.000,456960.000,9.846
7617.000,457020.000,9.760
7618.000,457080.000,9.316
7619.000,457140.000,9.454
7620.000,457200.000,9.242
7621.000,457260.000,9.178
7622.000,457320.000,9.564
7623.000,457380.000,9.011
7624.000,457440.000,9.503
7625.000,457500.000,9.875
7626.000,457560.000,9.975
7627.000,457620.000,9.539
7628.000,457680.000,9.519
7629.000,457740.000,9.862
7630.000,457800.000,9.898
7631.000,457860.000,9.426
7632.000,457920.000,9.188
7633.000,457980.000,9.722
7634.000,458040.000,9.862
7635.000,458100.000,9.932
7636.000,458160.000,9.426
7637.000,458220.000,9.134
7638.000,458280.000,9.346
7639.000,458340.000,9.828
7640.000,458400.000,9.325
7641.000,458460.000,9.697
7642.000,458520.000,9.462
7643.000,458580.000,9.713
7644.000,458640.000,9.207
7645.000,458700.000,9.926
7646.000,458760.000,9.283
7647.000,458820.000,9.879
7648.000,458880.000,9.936
7649.000,458940.000,9.744
7650.000,459000.000,9.068
7651.000,459060.000,9.792
7652.000,459120.000,9.064
7653.000,459180.000,9.046
7654.000,459240.000,9.914
7655.000,459300.000,9.807
7656.000,459360.000,9.535
7657.000,459420.000,9.122
7658.000,459480.000,9.992
7659.000,459540.000,9.252
7660.000,459600.000,9.107
7661.000,459660.000,9.329
7662.000,459720.000,9.245
7663.000,459780.000,9.988
7664.000,459840.000,9.942
7665.000,459900.000,9.122
7666.000,459960.000,9.750
7667.000,460020.000,9.925
7668.000,460080.000,9.492
7669.000,460140.000,9.702
7670.000,460200.000,9.234
7671.000,460260.000,9.410
7672.000,460320.000,9.543
7673.000,460380.000,9.644
7674.000,460440.000,9.353
7675.000,460500.000,9.733
7676.000,460560.000,9.964
7677.000,460620.000,9.630
7678.000,460680.000,9.424
7679.000,460740.000,9.660
7680.000,460800.000,9.346
7681.000,460860.000,9.716
7682.000,460920.000,9.496
7683.000,460980.000,9.740
7684.000,461040.000,9.439
7685.000,461100.000,9.474
7686.000,461160.000,9.178
7687.000,461220.000,9.761
7688.000,461280.000,9.323
7689.000,461340.000,9.512
7690.000,461400.000,9.211
7691.000,461460.000,9.649
7692.000,461520.000,9.448
7693.000,461580.000,9.646
7694.000,461640.000,9.464
7695.000,461700.000,9.133
7696.000,461760.000,9.439
7697.000,461820.000,9.334
7698.000,461880.000,9.061
7699.000,461940.000,9.964
7700.000,462000.000,9.396
7701.000,462060.000,9.081
7702.000,462120.000,9.089
7703.000,462180.000,9.979
7704.000,462240.000,9.237
7705.000,462300.000,9.405
7706.000,462360.000,9.515
7707.000,462420.000,9.189
7708.000,462480.000,9.911
7709.000,462540.000,9.360
7710.000,462600.000,9.818
7711.000,462660.000,9.019
7712.000,462720.000,9.240
7713.000,462780.000,9.481
7714.000,462840.000,9.556
7715.000,462900.000,9.977
7716.000,462960.000,9.120
7717.000,463020.000,9.437
7718.000,463080.000,9.319
7719.000,463140.000,9.590
7720.000,463200.000,9.339
7721.000,463260.000,9.215
7722.000,463320.000,9.967
7723.000,463380.000,9.871
7724.000,463440.000,9.751
7725.000,463500.000,9.995
7726.000,463560.000,9.230
7727.000,463620.000,9.667
7728.000,463680.000,9.463
7729.000,463740.000,9.932
7730.000,463800.000,9.777
7731.000,463860.000,9.079
7732.000,463920.000,9.946
7733.000,463980.000,9.765
7734.000,464040.000,9.741
7735.000,464100.000,9.381
7736.000,464160.000,9.800
7737.000,464220.000,9.391
7738.000,464280.000,9.976
7739.000,464340.000,9.116
7740.000,464400.000,9.181
7741.000,464460.000,9.536
7742.000,464520.000,9.565
7743.000,464580.000,9.745
7744.000,464640.000,9.013
7745.000,464700.000,9.824
7746.000,464760.000,9.577
7747.000,464820.000,9.753
7748.000,464880.000,9.752
7749.000,464940.000,9.332
7750.000,465000.000,9.908
7751.000,465060.000,9.878
7752.000,465120.000,9.544
7753.000,465180.000,9.523
7754.000,465240.000,9.044
7755.000,465300.000,9.004
7756.000,465360.000,9.046
7757.000,465420.000,9.952
7758.000,465480.000,9.436
7759.000,465540.000,9.671
7760.000,465600.000,9.750
7761.000,465660.000,9.460
7762.000,465720.000,9.020
7763.000,465780.000,9.807
7764.000,465840.000,9.270
7765.000,465900.000,9.344
7766.000,465960.000,9.378
7767.000,466020.000,9.282
7768.000,466080.000,9.388
7769.000,466140.000,9.915
7770.000,466200.000,9.850
7771.000,466260.000,9.003
7772.000,466320.000,9.050
7773.000,466380.000,9.686
7774.000,466440.000,9.291
7775.000,466500.000,9.130
7776.000,466560.000,9.029
7777.000,466620.000,9.693
7778.000,466680.000,9.339
7779.000,466740.000,9.649
7780.000,466800.000,9.741
7781.000,466860.000,9.631
7782.000,466920.000,9.675
7783.000,466980.000,9.063
7784.000,467040.000,9.436
7785.000,467100.000,9.736
7786.000,467160.000,9.857
7787.000,467220.000,9.160
7788.000,467280.000,9.229
7789.000,467340.000,9.086
7790.000,467400.000,9.608
7791.000,467460.000,9.413
7792.000,467520.000,9.595
7793.000,467580.000,9.226
7794.000,467640.000,9.900
7795.000,467700.000,9.118
7796.000,467760.000,9.636
7797.000,467820.000,9.377
7798.000,467880.000,9.607
7799.000,467940.000,9.930
7800.000,468000.000,9.125
7801.000,468060.000,9.073
7802.000,468120.000,9.764
7803.000,468180.000,9.920
7804.000,468240.000,9.617
7805.000,468300.000,9.469
7806.000,468360.000,9.682
7807.000,468420.000,9.310
7808.000,468480.000,9.791
7809.000,468540.000,9.512
7810.000,468600.000,9.720
7811.000,468660.000,9.476
7812.000,468720.000,9.066
7813.000,468780.000,9.409
7814.000,468840.000,9.775
7815.000,468900.000,9.328
7816.000,468960.000,9.124
7817.000,469020.000,9.653
7818.000,469080.000,9.830
7819.000,469140.000,9.051
7820.000,469200.000,9.100
7821.000,469260.000,9.020
7822.000,469320.000,9.631
7823.000,469380.000,9.721
7824.000,469440.000,9.101
7825.000,469500.000,9.244
7826.000,469560.000,9.590
7827.000,469620.000,9.858
7828.000,469680.000,9.368
7829.000,469740.000,9.168
7830.000,469800.000,9.277
7831.000,469860.000,9.773
7832.000,469920.000,9.344
7833.000,469980.000,9.791
7834.000,470040.000,9.350
7835.000,470100.000,9.520
7836.000,470160.000,9.378
7837.000,470220.000,9.809
7838.000,470280.000,9.935
7839.000,470340.000,9.567
7840.000,470400.000,9.058
7841.000,470460.000,9.979
7842.000,470520.000,9.796
7843.000,470580.000,9.392
7844.000,470640.000,9.968
7845.000,470700.000,9.636
7846.000,470760.000,9.117
7847.000,470820.000,9.678
7848.000,470880.000,9.583
7849.000,470940.000,9.542
7850.000,471000.000,9.803
7851.000,471060.000,9.496
7852.000,471120.000,9.795
7853.000,471180.000,9.191
7854.000,471240.000,9.390
7855.000,471300.000,9.819
7856.000,471360.000,9.141
7857.000,471420.000,9.132
7858.000,471480.000,9.523
7859.000,471540.000,9.801
7860.000,471600.000,9.152
7861.000,471660.000,9.936
7862.000,471720.000,9.949
7863.000,471780.000,9.128
7864.000,471840.000,9.568
7865.000,471900.000,9.625
7866.000,471960.000,9.990
7867.000,472020.000,9.909
7868.000,472080.000,9.553
7869.000,472140.000,9.346
7870.000,472200.000,9.800
7871.000,472260.000,9.984
7872.000,472320.000,9.968
7873.000,472380.000,9.983
7874.000,472440.000,9.427
7875.000,472500.000,9.845
7876.000,472560.000,9.579
7877.000,472620.000,9.371
7878.000,472680.000,9.169
7879.000,472740.000,9.531
7880.000,472800.000,9.562
7881.000,472860.000,9.715
7882.000,472920.000,9.640
7883.000,472980.000,9.167
7884.000,473040.000,9.214
7885.000,473100.000,9.068
7886.000,473160.000,9.525
7887.000,473220.000,9.333
7888.000,473280.000,9.940
7889.000,473340.000,9.783
7890.000,473400.000,9.957
7891.000,473460.000,9.347
7892.000,473520.000,9.872
7893.000,473580.000,9.492
7894.000,473640.000,9.936
7895.000,473700.000,9.867
7896.000,473760.000,9.628
7897.000,473820.000,9.306
7898.000,473880.000,9.191
7899.000,473940.000,9.226
7900.000,474000.000,9.753
7901.000,474060.000,9.890
7902.000,474120.000,9.971
7903.000,474180.000,9.759
7904.000,474240.000,9.817
7905.000,474300.000,9.134
7906.000,474360.000,9.365
7907.000,474420.000,9.414
7908.000,474480.000,9.954
7909.000,474540.000,9.991
7910.000,474600.000,9.116
7911.000,474660.000,9.525
7912.000,474720.000,9.519
7913.000,474780.000,9.021
7914.000,474840.000,9.634
7915.000,474900.000,9.013
7916.000,474960.000,9.017
7917.000,475020.000,9.560
7918.000,475080.000,9.386
7919.000,475140.000,9.063
7920.000,475200.000,9.052
7921.000,475260.000,9.497
7922.000,475320.000,9.396
7923.000,475380.000,9.743
7924.000,475440.000,9.042
7925.000,475500.000,9.654
7926.000,475560.000,9.737
7927.000,475620.000,9.316
7928.000,475680.000,9.430
7929.000,475740.000,9.483
7930.000,475800.000,9.516
7931.000,475860.000,9.882
7932.000,475920.000,9.727
7933.000,475980.000,9.657
7934.000,476040.000,9.773
7935.000,476100.000,9.892
7936.000,476160.000,9.406
7937.000,476220.000,9.983
7938.000,476280.000,9.798
7939.000,476340.000,9.034
7940.000,476400.000,9.343
7941.000,476460.000,9.882
7942.000,476520.000,9.511
7943.000,476580.000,9.495
7944.000,476640.000,9.688
7945.000,476700.000,9.877
7946.000,476760.000,9.245
7947.000,476820.000,9.435
7948.000,476880.000,9.461
7949.000,476940.000,9.626
7950.000,477000.000,9.705
7951.000,477060.000,9.275
7952.000,477120.000,9.537
7953.000,477180.000,9.832
7954.000,477240.000,9.933
7955.000,477300.000,9.437
7956.000,477360.000,9.224
7957.000,477420.000,9.567
7958.000,477480.000,9.288
7959.000,477540.000,9.838
7960.000,477600.000,9.434
7961.000,477660.000,9.552
7962.000,477720.000,9.378
7963.000,477780.000,9.778
7964.000,477840.000,9.659
7965.000,477900.000,9.929
7966.000,477960.000,9.866
7967.000,478020.000,9.530
7968.000,478080.000,9.877
7969.000,478140.000,9.065
7970.000,478200.000,9.775
7971.000,478260.000,9.114
7972.000,478320.000,9.159
7973.000,478380.000,9.429
7974.000,478440.000,9.546
7975.000,478500.000,9.468
7976.000,478560.000,9.261
7977.000,478620.000,9.698
7978.000,478680.000,9.352
7979.000,478740.000,9.863
7980.000,478800.000,9.259
7981.000,478860.000,9.394
7982.000,478920.000,9.623
7983.000,478980.000,9.820
7984.000,479040.000,9.423
7985.000,479100.000,9.455
7986.000,479160.000,9.742
7987.000,479220.000,9.544
7988.000,479280.000,9.088
7989.000,479340.000,9.828
7990.000,479400.000,9.124
7991.000,479460.000,9.681
7992.000,479520.000,9.719
7993.000,479580.000,9.296
7994.000,479640.000,9.487
7995.000,479700.000,9.604
7996.000,479760.000,9.924
7997.000,479820.000,9.460
7998.000,479880.000,9.625
7999.000,479940.000,9.144
8000.000,480000.000,9.679
8001.000,480060.000,9.028
8002.000,480120.000,9.467
8003.000,480180.000,9.710
8004.000,480240.000,9.042
8005.000,480300.000,9.689
8006.000,480360.000,9.342
8007.000,480420.000,9.667
8008.000,480480.000,9.270
8009.000,480540.000,9.075
8010.000,480600.000,9.921
8011.000,480660.000,9.076
8012.000,480720.000,9.162
8013.000,480780.000,9.032
8014.000,480840.000,9.781
8015.000,480900.000,9.251
8016.000,480960.000,9.604
8017.000,481020.000,9.453
8018.000,481080.000,9.633
8019.000,481140.000,9.848
8020.000,481200.000,9.323
8021.000,481260.000,9.965
8022.000,481320.000,9.623
8023.000,481380.000,9.480
8024.000,481440.000,9.394
8025.000,481500.000,9.717
8026.000,481560.000,9.843
8027.000,481620.000,9.811
8028.000,481680.000,9.398
8029.000,481740.000,9.544
8030.000,481800.000,9.302
8031.000,481860.000,9.228
8032.000,481920.000,9.169
8033.000,481980.000,9.495
8034.000,482040.000,9.894
8035.000,482100.000,9.425
8036.000,482160.000,9.698
8037.000,482220.000,9.588
8038.000,482280.000,9.347
8039.000,482340.000,9.958
8040.000,482400.000,9.490
8041.000,482460.000,9.359
8042.000,482520.000,9.851
8043.000,482580.000,9.136
8044.000,482640.000,9.932
8045.000,482700.000,9.041
8046.000,482760.000,9.558
8047.000,482820.000,9.904
8048.000,482880.000,9.394
8049.000,482940.000,9.856
8050.000,483000.000,9.239
8051.000,483060.000,9.034
8052.000,483120.000,9.271
8053.000,483180.000,9.321
8054.000,483240.000,9.100
8055.000,483300.000,9.773
8056.000,483360.000,9.852
8057.000,483420.000,9.705
8058.000,483480.000,9.562
8059.000,483540.000,9.614
8060.000,483600.000,9.613
8061.000,483660.000,9.861
8062.000,483720.000,9.646
8063.000,483780.000,9.172
8064.000,483840.000,9.761
8065.000,483900.000,9.299
8066.000,483960.000,9.813
8067.000,484020.000,9.973
8068.000,484080.000,9.434
8069.000,484140.000,9.557
8070.000,484200.000,9.249
8071.000,484260.000,9.010
8072.000,484320.000,9.567
8073.000,484380.000,9.458
8074.000,484440.000,9.901
8075.000,484500.000,9.123
8076.000,484560.000,9.312
8077.000,484620.000,9.619
8078.000,484680.000,9.235
8079.000,484740.000,9.813
8080.000,484800.000,9.178
8081.000,484860.000,9.164
8082.000,484920.000,9.094
8083.000,484980.000,9.119
8084.000,485040.000,9.411
8085.000,485100.000,9.676
8086.000,485160.000,9.314
8087.000,485220.000,9.382
8088.000,485280.000,9.207
8089.000,485340.000,9.203
8090.000,485400.000,9.891
8091.000,485460.000,9.736
8092.000,485520.000,9.462
8093.000,485580.000,9.822
8094.000,485640.000,9.707
8095.000,485700.000,9.174
8096.000,485760.000,9.300
8097.000,485820.000,9.447
8098.000,485880.000,9.755
8099.000,485940.000,9.090
8100.000,486000.000,9.586
8101.000,486060.000,9.495
8102.000,486120.000,9.899
8103.000,486180.000,9.702
8104.000,486240.000,9.999
8105.000,486300.000,9.263
8106.000,486360.000,9.063
8107.000,486420.000,9.196
8108.000,486480.000,9.620
8109.000,486540.000,9.803
8110.000,486600.000,9.549
8111.000,486660.000,9.673
8112.000,486720.000,9.196
8113.000,486780.000,9.756
8114.000,486840.000,9.294
8115.000,486900.000,9.548
8116.000,486960.000,9.562
8117.000,487020.000,9.726
8118.000,487080.000,9.485
8119.000,487140.000,9.599
8120.000,487200.000,9.397
8121.000,487260.000,9.802
8122.000,487320.000,9.332
8123.000,487380.000,9.205
8124.000,487440.000,9.810
8125.000,487500.000,9.268
8126.000,487560.000,9.481
8127.000,487620.000,9.769
8128.000,487680.000,9.255
8129.000,487740.000,9.939
8130.000,487800.000,9.210
8131.000,487860.000,9.815
8132.000,487920.000,9.858
8133.000,487980.000,9.368
8134.000,488040.000,9.886
8135.000,488100.000,9.639
8136.000,488160.000,9.129
8137.000,488220.000,9.169
8138.000,488280.000,9.787
8139.000,488340.000,9.501
8140.000,488400.000,9.586
8141.000,488460.000,9.176
8142.000,488520.000,9.438
8143.000,488580.000,9.374
8144.000,488640.000,9.337
8145.000,488700.000,9.663
8146.000,488760.000,9.258
8147.000,488820.000,9.197
8148.000,488880.000,9.427
8149.000,488940.000,9.294
8150.000,489000.000,9.075
8151.000,489060.000,9.224
8152.000,489120.000,9.563
8153.000,489180.000,9.528
8154.000,489240.000,9.740
8155.000,489300.000,9.887
8156.000,489360.000,9.485
8157.000,489420.000,9.843
8158.000,489480.000,9.844
8159.000,489540.000,9.840
8160.000,489600.000,9.110
8161.000,489660.000,9.480
8162.000,489720.000,9.716
8163.000,489780.000,9.972
8164.000,489840.000,9.012
8165.000,489900.000,9.455
8166.000,489960.000,9.117
8167.000,490020.000,9.218
8168.000,490080.000,9.330
8169.000,490140.000,9.881
8170.000,490200.000,9.672
8171.000,490260.000,9.361
8172.000,490320.000,9.291
8173.000,490380.000,9.120
8174.000,490440.000,9.883
8175.000,490500.000,9.761
8176.000,490560.000,9.919
8177.000,490620.000,9.062
8178.000,490680.000,9.918
8179.000,490740.000,9.033
8180.000,490800.000,9.927
8181.000,490860.000,9.382
8182.000,490920.000,9.386
8183.000,490980.000,9.332
8184.000,491040.000,9.497
8185.000,491100.000,9.051
8186.000,491160.000,9.966
8187.000,491220.000,9.440
8188.000,491280.000,9.245
8189.000,491340.000,9.005
8190.000,491400.000,9.462
8191.000,491460.000,9.028
8192.000,491520.000,9.251
8193.000,491580.000,9.554
8194.000,491640.000,9.747
8195.000,491700.000,9.832
8196.000,491760.000,9.361
8197.000,491820.000,9.560
8198.000,491880.000,9.468
8199.000,491940.000,9.132
8200.000,492000.000,9.401
8201.000,492060.000,9.220
8202.000,492120.000,9.099
8203.000,492180.000,9.434
8204.000,492240.000,9.048
8205.000,492300.000,9.488
8206.000,492360.000,9.384
8207.000,492420.000,9.553
8208.000,492480.000,9.064
8209.000,492540.000,9.126
8210.000,492600.000,9.008
8211.000,492660.000,9.543
8212.000,492720.000,9.821
8213.000,492780.000,9.123
8214.000,492840.000,9.910
8215.000,492900.000,9.171
8216.000,492960.000,9.327
8217.000,493020.000,9.577
8218.000,493080.000,9.336
8219.000,493140.000,9.216
8220.000,493200.000,9.737
8221.000,493260.000,9.478
8222.000,493320.000,9.811
8223.000,493380.000,9.673
8224.000,493440.000,9.736
8225.000,493500.000,9.578
8226.000,493560.000,9.183
8227.000,493620.000,9.580
8228.000,493680.000,9.996
8229.000,493740.000,9.738
8230.000,493800.000,9.318
8231.000,493860.000,9.664
8232.000,493920.000,9.132
8233.000,493980.000,9.358
8234.000,494040.000,9.459
8235.000,494100.000,9.044
8236.000,494160.000,9.599
8237.000,494220.000,9.977
8238.000,494280.000,9.833
8239.000,494340.000,9.908
8240.000,494400.000,9.809
8241.000,494460.000,9.740
8242.000,494520.000,9.084
8243.000,494580.000,9.001
8244.000,494640.000,9.351
8245.000,494700.000,9.116
8246.000,494760.000,9.727
8247.000,494820.000,9.283
8248.000,494880.000,9.394
8249.000,494940.000,9.904
8250.000,495000.000,9.782
8251.000,495060.000,9.802
8252.000,495120.000,9.072
8253.000,495180.000,9.279
8254.000,495240.000,9.386
8255.000,495300.000,9.443
8256.000,495360.000,9.042
8257.000,495420.000,9.801
8258.000,495480.000,9.625
8259.000,495540.000,9.334
8260.000,495600.000,9.883
8261.000,495660.000,9.476
8262.000,495720.000,9.039
8263.000,495780.000,9.919
8264.000,495840.000,9.769
8265.000,495900.000,9.742
8266.000,495960.000,9.873
8267.000,496020.000,9.638
8268.000,496080.000,9.969
8269.000,496140.000,9.210
8270.000,496200.000,9.422
8271.000,496260.000,9.621
8272.000,496320.000,9.378
8273.000,496380.000,9.583
8274.000,496440.000,9.752
8275.000,496500.000,9.149
8276.000,496560.000,9.660
8277.000,496620.000,9.478
8278.000,496680.000,9.818
8279.000,496740.000,9.791
8280.000,496800.000,9.495
8281.000,496860.000,9.486
8282.000,496920.000,9.633
8283.000,496980.000,9.601
8284.000,497040.000,9.416
8285.000,497100.000,9.922
8286.000,497160.000,9.334
8287.000,497220.000,9.422
8288.000,497280.000,9.671
8289.000,497340.000,10.000
8290.000,497400.000,9.965
8291.000,497460.000,9.640
8292.000,497520.000,9.195
8293.000,497580.000,9.198
8294.000,497640.000,9.290
8295.000,497700.000,9.391
8296.000,497760.000,9.656
8297.000,497820.000,9.736
8298.000,497880.000,9.135
8299.000,497940.000,9.022
8300.000,498000.000,9.354
8301.000,498060.000,9.122
8302.000,498120.000,9.452
8303.000,498180.000,9.930
8304.000,498240.000,9.432
8305.000,498300.000,9.262
8306.000,498360.000,9.227
8307.000,498420.000,9.475
8308.000,498480.000,9.441
8309.000,498540.000,9.045
8310.000,498600.000,9.493
8311.000,498660.000,9.504
8312.000,498720.000,9.274
8313.000,498780.000,9.220
8314.000,498840.000,9.947
8315.000,498900.000,9.791
8316.000,498960.000,9.285
8317.000,499020.000,9.615
8318.000,499080.000,9.941
8319.000,499140.000,9.619
8320.000,499200.000,9.936
8321.000,499260.000,9.546
8322.000,499320.000,9.411
8323.000,499380.000,9.765
8324.000,499440.000,9.667
8325.000,499500.000,9.820
8326.000,499560.000,9.866
8327.000,499620.000,9.917
8328.000,499680.000,9.671
8329.000,499740.000,9.864
8330.000,499800.000,9.831
8331.000,499860.000,9.599
8332.000,499920.000,9.324
8333.000,499980.000,9.403
8334.000,500040.000,9.474
8335.000,500100.000,9.583
8336.000,500160.000,9.932
8337.000,500220.000,9.186
8338.000,500280.000,9.232
8339.000,500340.000,9.843
8340.000,500400.000,9.365
8341.000,500460.000,9.694
8342.000,500520.000,9.027
8343.000,500580.000,9.652
8344.000,500640.000,9.436
8345.000,500700.000,9.163
8346.000,500760.000,9.901
8347.000,500820.000,9.834
8348.000,500880.000,9.808
8349.000,500940.000,9.433
8350.000,501000.000,9.561
8351.000,501060.000,9.145
8352.000,501120.000,9.242
8353.000,501180.000,9.283
8354.000,501240.000,9.886
8355.000,501300.000,9.393
8356.000,501360.000,9.342
8357.000,501420.000,9.319
8358.000,501480.000,9.249
8359.000,501540.000,9.629
8360.000,501600.000,9.008
8361.000,501660.000,9.989
8362.000,501720.000,9.134
8363.000,501780.000,9.151
8364.000,501840.000,9.520
8365.000,501900.000,9.630
8366.000,501960.000,9.654
8367.000,502020.000,9.121
8368.000,502080.000,9.088
8369.000,502140.000,9.408
8370.000,502200.000,9.135
8371.000,502260.000,9.831
8372.000,502320.000,9.089
8373.000,502380.000,9.241
8374.000,502440.000,9.338
8375.000,502500.000,9.470
8376.000,502560.000,9.822
8377.000,502620.000,9.069
8378.000,502680.000,9.588
8379.000,502740.000,9.841
8380.000,502800.000,9.060
8381.000,502860.000,9.267
8382.000,502920.000,9.532
8383.000,502980.000,9.988
8384.000,503040.000,9.331
8385.000,503100.000,9.609
8386.000,503160.000,9.225
8387.000,503220.000,9.570
8388.000,503280.000,9.795
8389.000,503340.000,9.817
8390.000,503400.000,9.084
8391.000,503460.000,9.616
8392.000,503520.000,9.829
8393.000,503580.000,9.303
8394.000,503640.000,9.776
8395.000,503700.000,9.771
8396.000,503760.000,9.501
8397.000,503820.000,9.568
8398.000,503880.000,9.131
8399.000,503940.000,9.468
8400.000,504000.000,9.595
8401.000,504060.000,9.140
8402.000,504120.000,9.743
8403.000,504180.000,9.172
8404.000,504240.000,9.711
8405.000,504300.000,9.456
8406.000,504360.000,9.821
8407.000,504420.000,9.722
8408.000,504480.000,9.425
8409.000,504540.000,9.418
8410.000,504600.000,9.369
8411.000,504660.000,9.879
8412.000,504720.000,9.150
8413.000,504780.000,9.650
8414.000,504840.000,9.754
8415.000,504900.000,9.798
8416.000,504960.000,9.807
8417.000,505020.000,9.931
8418.000,505080.000,9.263
8419.000,505140.000,9.153
8420.000,505200.000,9.780
8421.000,505260.000,9.082
8422.000,505320.000,9.739
8423.000,505380.000,9.932
8424.000,505440.000,9.312
8425.000,505500.000,9.274
8426.000,505560.000,9.818
8427.000,505620.000,9.972
8428.000,505680.000,9.917
8429.000,505740.000,9.668
8430.000,505800.000,9.438
8431.000,505860.000,9.128
8432.000,505920.000,9.059
8433.000,505980.000,9.146
8434.000,506040.000,9.342
8435.000,506100.000,9.129
8436.000,506160.000,9.328
8437.000,506220.000,9.563
8438.000,506280.000,9.484
8439.000,506340.000,9.932
8440.000,506400.000,9.862
8441.000,506460.000,9.232
8442.000,506520.000,9.598
8443.000,506580.000,9.399
8444.000,506640.000,9.892
8445.000,506700.000,9.071
8446.000,506760.000,9.237
8447.000,506820.000,9.869
8448.000,506880.000,9.122
8449.000,506940.000,9.230
8450.000,507000.000,9.104
8451.000,507060.000,9.931
8452.000,507120.000,9.876
8453.000,507180.000,9.486
8454.000,507240.000,9.598
8455.000,507300.000,9.870
8456.000,507360.000,9.404
8457.000,507420.000,9.568
8458.000,507480.000,9.088
8459.000,507540.000,9.467
8460.000,507600.000,9.408
8461.000,507660.000,9.075
8462.000,507720.000,9.739
8463.000,507780.000,9.078
8464.000,507840.000,9.531
8465.000,507900.000,9.978
8466.000,507960.000,9.410
8467.000,508020.000,9.447
8468.000,508080.000,9.640
8469.000,508140.000,9.355
8470.000,508200.000,9.486
8471.000,508260.000,9.883
8472.000,508320.000,9.509
8473.000,508380.000,9.222
8474.000,508440.000,9.026
8475.000,508500.000,9.897
8476.000,508560.000,9.422
8477.000,508620.000,9.050
8478.000,508680.000,9.315
8479.000,508740.000,9.509
8480.000,508800.000,9.664
8481.000,508860.000,9.970
8482.000,508920.000,9.781
8483.000,508980.000,9.922
8484.000,509040.000,9.327
8485.000,509100.000,9.370
8486.000,509160.000,9.046
8487.000,509220.000,9.413
8488.000,509280.000,9.551
8489.000,509340.000,9.846
8490.000,509400.000,9.343
8491.000,509460.000,9.462
8492.000,509520.000,9.843
8493.000,509580.000,9.123
8494.000,509640.000,9.680
8495.000,509700.000,9.418
8496.000,509760.000,9.064
8497.000,509820.000,9.846
8498.000,509880.000,9.155
8499.000,509940.000,9.552
8500.000,510000.000,9.585
8501.000,510060.000,9.158
8502.000,510120.000,9.216
8503.000,510180.000,9.141
8504.000,510240.000,9.101
8505.000,510300.000,9.908
8506.000,510360.000,9.242
8507.000,510420.000,9.621
8508.000,510480.000,9.358
8509.000,510540.000,9.715
8510.000,510600.000,9.673
8511.000,510660.000,9.066
8512.000,510720.000,9.113
8513.000,510780.000,9.937
8514.000,510840.000,9.998
8515.000,510900.000,9.162
8516.000,510960.000,9.446
8517.000,511020.000,9.089
8518.000,511080.000,9.250
8519.000,511140.000,9.884
8520.000,511200.000,9.025
8521.000,511260.000,9.900
8522.000,511320.000,9.001
8523.000,511380.000,9.974
8524.000,511440.000,9.347
8525.000,511500.000,9.505
8526.000,511560.000,9.932
8527.000,511620.000,9.189
8528.000,511680.000,9.840
8529.000,511740.000,9.488
8530.000,511800.000,9.950
8531.000,511860.000,9.905
8532.000,511920.000,9.093
8533.000,511980.000,9.121
8534.000,512040.000,9.916
8535.000,512100.000,9.819
8536.000,512160.000,9.867
8537.000,512220.000,9.501
8538.000,512280.000,9.464
8539.000,512340.000,9.488
8540.000,512400.000,9.571
8541.000,512460.000,9.109
8542.000,512520.000,9.354
8543.000,512580.000,9.188
8544.000,512640.000,9.476
8545.000,512700.000,9.388
8546.000,512760.000,9.680
8547.000,512820.000,9.498
8548.000,512880.000,9.919
8549.000,512940.000,9.672
8550.000,513000.000,9.754
8551.000,513060.000,9.921
8552.000,513120.000,9.200
8553.000,513180.000,9.047
8554.000,513240.000,9.403
8555.000,513300.000,9.389
8556.000,513360.000,9.516
8557.000,513420.000,9.248
8558.000,513480.000,9.648
8559.000,513540.000,9.204
8560.000,513600.000,9.362
8561.000,513660.000,9.208
8562.000,513720.000,9.410
8563.000,513780.000,9.968
8564.000,513840.000,9.275
8565.000,513900.000,9.124
8566.000,513960.000,9.428
8567.000,514020.000,9.518
8568.000,514080.000,9.979
8569.000,514140.000,9.267
8570.000,514200.000,9.849
8571.000,514260.000,9.388
8572.000,514320.000,9.055
8573.000,514380.000,9.224
8574.000,514440.000,9.458
8575.000,514500.000,9.745
8576.000,514560.000,9.996
8577.000,514620.000,9.072
8578.000,514680.000,9.762
8579.000,514740.000,9.135
8580.000,514800.000,9.710
8581.000,514860.000,9.450
8582.000,514920.000,9.514
8583.000,514980.000,9.026
8584.000,515040.000,9.833
8585.000,515100.000,9.288
8586.000,515160.000,9.827
8587.000,515220.000,9.640
8588.000,515280.000,9.907
8589.000,515340.000,9.635
8590.000,515400.000,9.113
8591.000,515460.000,9.384
8592.000,515520.000,9.470
8593.000,515580.000,9.809
8594.000,515640.000,9.232
8595.000,515700.000,9.186
8596.000,515760.000,9.943
8597.000,515820.000,9.864
8598.000,515880.000,9.715
8599.000,515940.000,9.100
8600.000,516000.000,9.340
8601.000,516060.000,9.014
8602.000,516120.000,9.232
8603.000,516180.000,9.615
8604.000,516240.000,9.033
8605.000,516300.000,9.950
8606.000,516360.000,9.450
8607.000,516420.000,9.757
8608.000,516480.000,9.079
8609.000,516540.000,9.552
8610.000,516600.000,9.050
8611.000,516660.000,9.365
8612.000,516720.000,9.335
8613.000,516780.000,9.610
8614.000,516840.000,9.859
8615.000,516900.000,9.587
8616.000,516960.000,9.725
8617.000,517020.000,9.950
8618.000,517080.000,9.517
8619.000,517140.000,9.793
8620.000,517200.000,9.813
8621.000,517260.000,9.757
8622.000,517320.000,9.420
8623.000,517380.000,9.902
8624.000,517440.000,9.580
8625.000,517500.000,9.103
8626.000,517560.000,9.723
8627.000,517620.000,9.835
8628.000,517680.000,9.573
8629.000,517740.000,9.844
8630.000,517800.000,9.575
8631.000,517860.000,9.321
8632.000,517920.000,9.408
8633.000,517980.000,9.562
8634.000,518040.000,9.348
8635.000,518100.000,9.523
8636.000,518160.000,9.222
8637.000,518220.000,9.646
8638.000,518280.000,9.316
8639.000,518340.000,9.679
8640.000,518400.000,9.962
8641.000,518460.000,9.921
8642.000,518520.000,9.848
8643.000,518580.000,9.548
8644.000,518640.000,9.756
8645.000,518700.000,9.686
8646.000,518760.000,9.505
8647.000,518820.000,9.195
8648.000,518880.000,9.432
8649.000,518940.000,9.010
8650.000,519000.000,9.853
8651.000,519060.000,9.331
8652.000,519120.000,9.217
8653.000,519180.000,9.383
8654.000,519240.000,9.122
8655.000,519300.000,9.024
8656.000,519360.000,9.460
8657.000,519420.000,9.499
8658.000,519480.000,9.432
8659.000,519540.000,9.402
8660.000,519600.000,9.007
8661.000,519660.000,9.993
8662.000,519720.000,9.306
8663.000,519780.000,9.762
8664.000,519840.000,9.987
8665.000,519900.000,9.878
8666.000,519960.000,9.076
8667.000,520020.000,9.093
8668.000,520080.000,9.802
8669.000,520140.000,9.398
8670.000,520200.000,9.022
8671.000,520260.000,9.951
8672.000,520320.000,9.140
8673.000,520380.000,9.368
8674.000,520440.000,9.469
8675.000,520500.000,9.539
8676.000,520560.000,9.624
8677.000,520620.000,9.553
8678.000,520680.000,9.962
8679.000,520740.000,9.106
8680.000,520800.000,9.602
8681.000,520860.000,9.935
8682.000,520920.000,9.610
8683.000,520980.000,9.287
8684.000,521040.000,9.418
8685.000,521100.000,9.299
8686.000,521160.000,9.851
8687.000,521220.000,9.121
8688.000,521280.000,9.497
8689.000,521340.000,9.759
8690.000,521400.000,9.283
8691.000,521460.000,9.270
8692.000,521520.000,9.785
8693.000,521580.000,9.165
8694.000,521640.000,9.545
8695.000,521700.000,9.538
8696.000,521760.000,9.348
8697.000,521820.000,9.305
8698.000,521880.000,9.611
8699.000,521940.000,9.592
8700.000,522000.000,9.237
8701.000,522060.000,9.454
8702.000,522120.000,9.086
8703.000,522180.000,9.055
8704.000,522240.000,9.732
8705.000,522300.000,9.207
8706.000,522360.000,9.377
8707.000,522420.000,9.136
8708.000,522480.000,9.027
8709.000,522540.000,9.429
8710.000,522600.000,9.705
8711.000,522660.000,9.579
8712.000,522720.000,9.263
8713.000,522780.000,9.233
8714.000,522840.000,9.329
8715.000,522900.000,9.788
8716.000,522960.000,9.684
8717.000,523020.000,9.495
8718.000,523080.000,9.738
8719.000,523140.000,9.652
8720.000,523200.000,9.585
8721.000,523260.000,9.044
8722.000,523320.000,9.214
8723.000,523380.000,9.019
8724.000,523440.000,9.228
8725.000,523500.000,9.988
8726.000,523560.000,9.775
8727.000,523620.000,9.789
8728.000,523680.000,9.844
8729.000,523740.000,9.794
8730.000,523800.000,9.739
8731.000,523860.000,9.244
8732.000,523920.000,9.508
8733.000,523980.000,9.126
8734.000,524040.000,9.853
8735.000,524100.000,9.187
8736.000,524160.000,9.862
8737.000,524220.000,9.691
8738.000,524280.000,9.885
8739.000,524340.000,9.414
8740.000,524400.000,9.068
8741.000,524460.000,9.222
8742.000,524520.000,9.409
8743.000,524580.000,9.684
8744.000,524640.000,9.871
8745.000,524700.000,9.757
8746.000,524760.000,9.364
8747.000,524820.000,9.931
8748.000,524880.000,9.494
8749.000,524940.000,9.410
8750.000,525000.000,9.863
8751.000,525060.000,9.426
8752.000,525120.000,9.921
8753.000,525180.000,9.024
8754.000,525240.000,9.279
8755.000,525300.000,9.960
8756.000,525360.000,9.344
8757.000,525420.000,9.260
8758.000,525480.000,9.851
8759.000,525540.000,9.493
8760.000,525600.000,9.295
8761.000,525660.000,9.206
8762.000,525720.000,9.417
8763.000,525780.000,9.563
8764.000,525840.000,9.550
8765.000,525900.000,9.840
8766.000,525960.000,9.094
8767.000,526020.000,9.572
8768.000,526080.000,9.900
8769.000,526140.000,9.976
8770.000,526200.000,9.676
8771.000,526260.000,9.506
8772.000,526320.000,9.170
8773.000,526380.000,9.019
8774.000,526440.000,9.393
8775.000,526500.000,9.545
8776.000,526560.000,9.370
8777.000,526620.000,9.310
8778.000,526680.000,9.969
8779.000,526740.000,9.130
8780.000,526800.000,9.861
8781.000,526860.000,9.154
8782.000,526920.000,9.616
8783.000,526980.000,9.041
8784.000,527040.000,9.907
8785.000,527100.000,9.196
8786.000,527160.000,9.736
8787.000,527220.000,9.050
8788.000,527280.000,9.205
8789.000,527340.000,9.703
8790.000,527400.000,9.275
8791.000,527460.000,9.209
8792.000,527520.000,9.377
8793.000,527580.000,9.253
8794.000,527640.000,9.755
8795.000,527700.000,9.605
8796.000,527760.000,9.484
8797.000,527820.000,9.277
8798.000,527880.000,9.583
8799.000,527940.000,9.763
8800.000,528000.000,9.667
8801.000,528060.000,9.250
8802.000,528120.000,9.015
8803.000,528180.000,9.624
8804.000,528240.000,9.750
8805.000,528300.000,9.179
8806.000,528360.000,9.079
8807.000,528420.000,9.661
8808.000,528480.000,9.468
8809.000,528540.000,9.878
8810.000,528600.000,9.331
8811.000,528660.000,9.300
8812.000,528720.000,9.404
8813.000,528780.000,9.273
8814.000,528840.000,9.689
8815.000,528900.000,9.899
8816.000,528960.000,9.814
8817.000,529020.000,9.357
8818.000,529080.000,9.597
8819.000,529140.000,9.989
8820.000,529200.000,9.520
8821.000,529260.000,9.735
8822.000,529320.000,9.479
8823.000,529380.000,9.999
8824.000,529440.000,9.771
8825.000,529500.000,9.665
8826.000,529560.000,9.638
8827.000,529620.000,10.000
8828.000,529680.000,9.004
8829.000,529740.000,9.985
8830.000,529800.000,9.023
8831.000,529860.000,9.589
8832.000,529920.000,9.847
8833.000,529980.000,9.217
8834.000,530040.000,9.687
8835.000,530100.000,9.407
8836.000,530160.000,9.650
8837.000,530220.000,9.728
8838.000,530280.000,9.374
8839.000,530340.000,9.459
8840.000,530400.000,9.892
8841.000,530460.000,9.347
8842.000,530520.000,9.305
8843.000,530580.000,9.601
8844.000,530640.000,9.967
8845.000,530700.000,9.014
8846.000,530760.000,9.744
8847.000,530820.000,9.230
8848.000,530880.000,9.423
8849.000,530940.000,9.420
8850.000,531000.000,9.045
8851.000,531060.000,9.989
8852.000,531120.000,9.666
8853.000,531180.000,9.891
8854.000,531240.000,9.039
8855.000,531300.000,9.485
8856.000,531360.000,9.064
8857.000,531420.000,9.051
8858.000,531480.000,9.606
8859.000,531540.000,9.788
8860.000,531600.000,9.289
8861.000,531660.000,9.310
8862.000,531720.000,9.696
8863.000,531780.000,9.824
8864.000,531840.000,9.832
8865.000,531900.000,9.096
8866.000,531960.000,9.644
8867.000,532020.000,9.923
8868.000,532080.000,9.489
8869.000,532140.000,9.106
8870.000,532200.000,9.163
8871.000,532260.000,9.875
8872.000,532320.000,9.004
8873.000,532380.000,9.854
8874.000,532440.000,9.020
8875.000,532500.000,9.461
8876.000,532560.000,9.226
8877.000,532620.000,9.339
8878.000,532680.000,9.057
8879.000,532740.000,9.985
8880.000,532800.000,9.085
8881.000,532860.000,9.144
8882.000,532920.000,9.503
8883.000,532980.000,9.281
8884.000,533040.000,9.321
8885.000,533100.000,9.258
8886.000,533160.000,9.648
8887.000,533220.000,9.212
8888.000,533280.000,9.466
8889.000,533340.000,9.133
8890.000,533400.000,9.608
8891.000,533460.000,9.958
8892.000,533520.000,9.094
8893.000,533580.000,9.979
8894.000,533640.000,9.649
8895.000,533700.000,9.815
8896.000,533760.000,9.958
8897.000,533820.000,9.875
8898.000,533880.000,9.979
8899.000,533940.000,9.232
8900.000,534000.000,9.138
8901.000,534060.000,9.234
8902.000,534120.000,9.361
8903.000,534180.000,9.258
8904.000,534240.000,9.396
8905.000,534300.000,9.770
8906.000,534360.000,9.892
8907.000,534420.000,9.149
8908.000,534480.000,9.920
8909.000,534540.000,9.398
8910.000,534600.000,9.002
8911.000,534660.000,9.315
8912.000,534720.000,9.863
8913.000,534780.000,9.662
8914.000,534840.000,9.807
8915.000,534900.000,9.691
8916.000,534960.000,9.143
8917.000,535020.000,9.260
8918.000,535080.000,9.331
8919.000,535140.000,9.396
8920.000,535200.000,9.271
8921.000,535260.000,9.376
8922.000,535320.000,9.659
8923.000,535380.000,9.799
8924.000,535440.000,9.869
8925.000,535500.000,9.939
8926.000,535560.000,9.770
8927.000,535620.000,9.908
8928.000,535680.000,9.354
8929.000,535740.000,9.936
8930.000,535800.000,9.692
8931.000,535860.000,9.179
8932.000,535920.000,9.088
8933.000,535980.000,9.110
8934.000,536040.000,9.504
8935.000,536100.000,9.081
8936.000,536160.000,10.000
8937.000,536220.000,9.579
8938.000,536280.000,9.077
8939.000,536340.000,9.652
8940.000,536400.000,9.977
8941.000,536460.000,9.487
8942.000,536520.000,9.478
8943.000,536580.000,9.125
8944.000,536640.000,9.487
8945.000,536700.000,9.951
8946.000,536760.000,9.068
8947.000,536820.000,9.477
8948.000,536880.000,9.845
8949.000,536940.000,9.101
8950.000,537000.000,9.016
8951.000,537060.000,9.993
8952.000,537120.000,9.279
8953.000,537180.000,9.330
8954.000,537240.000,9.436
8955.000,537300.000,9.332
8956.000,537360.000,9.378
8957.000,537420.000,9.106
8958.000,537480.000,9.245
8959.000,537540.000,9.807
8960.000,537600.000,9.680
8961.000,537660.000,9.057
8962.000,537720.000,9.650
8963.000,537780.000,9.759
8964.000,537840.000,9.373
8965.000,537900.000,9.511
8966.000,537960.000,9.599
8967.000,538020.000,9.072
8968.000,538080.000,9.193
8969.000,538140.000,9.387
8970.000,538200.000,9.114
8971.000,538260.000,9.703
8972.000,538320.000,9.960
8973.000,538380.000,9.656
8974.000,538440.000,9.431
8975.000,538500.000,9.917
8976.000,538560.000,9.474
8977.000,538620.000,9.008
8978.000,538680.000,9.607
8979.000,538740.000,9.811
8980.000,538800.000,9.589
8981.000,538860.000,9.448
8982.000,538920.000,9.161
8983.000,538980.000,9.203
8984.000,539040.000,9.213
8985.000,539100.000,9.725
8986.000,539160.000,9.576
8987.000,539220.000,9.344
8988.000,539280.000,9.547
8989.000,539340.000,9.069
8990.000,539400.000,9.358
8991.000,539460.000,9.948
8992.000,539520.000,9.721
8993.000,539580.000,9.182
8994.000,539640.000,9.768
8995.000,539700.000,9.225
8996.000,539760.000,9.397
8997.000,539820.000,9.660
8998.000,539880.000,9.720
8999.000,539940.000,9.452
9000.000,540000.000,9.605
9001.000,540060.000,9.864
9002.000,540120.000,9.067
9003.000,540180.000,9.896
9004.000,540240.000,9.893
9005.000,540300.000,9.585
9006.000,540360.000,9.975
9007.000,540420.000,9.835
9008.000,540480.000,9.792
9009.000,540540.000,9.072
9010.000,540600.000,9.653
9011.000,540660.000,9.467
9012.000,540720.000,9.797
9013.000,540780.000,9.885
9014.000,540840.000,9.375
9015.000,540900.000,9.570
9016.000,540960.000,9.828
9017.000,541020.000,9.795
9018.000,541080.000,9.424
9019.000,541140.000,9.278
9020.000,541200.000,9.298
9021.000,541260.000,9.197
9022.000,541320.000,9.568
9023.000,541380.000,9.760
9024.000,541440.000,9.921
9025.000,541500.000,9.339
9026.000,541560.000,9.481
9027.000,541620.000,9.208
9028.000,541680.000,9.629
9029.000,541740.000,9.218
9030.000,541800.000,9.434
9031.000,541860.000,9.684
9032.000,541920.000,9.079
9033.000,541980.000,9.555
9034.000,542040.000,9.544
9035.000,542100.000,9.441
9036.000,542160.000,9.481
9037.000,542220.000,9.954
9038.000,542280.000,9.806
9039.000,542340.000,9.499
9040.000,542400.000,9.449
9041.000,542460.000,9.398
9042.000,542520.000,9.589
9043.000,542580.000,9.240
9044.000,542640.000,9.616
9045.000,542700.000,9.926
9046.000,542760.000,9.414
9047.000,542820.000,9.103
9048.000,542880.000,9.718
9049.000,542940.000,9.973
9050.000,543000.000,9.645
9051.000,543060.000,9.814
9052.000,543120.000,9.470
9053.000,543180.000,9.866
9054.000,543240.000,9.642
9055.000,543300.000,9.106
9056.000,543360.000,9.841
9057.000,543420.000,9.026
9058.000,543480.000,9.744
9059.000,543540.000,9.651
9060.000,543600.000,9.828
9061.000,543660.000,9.977
9062.000,543720.000,9.713
9063.000,543780.000,9.696
9064.000,543840.000,9.323
9065.000,543900.000,9.823
9066.000,543960.000,9.522
9067.000,544020.000,9.893
9068.000,544080.000,9.591
9069.000,544140.000,9.708
9070.000,544200.000,9.480
9071.000,544260.000,9.502
9072.000,544320.000,9.578
9073.000,544380.000,9.061
9074.000,544440.000,9.265
9075.000,544500.000,9.864
9076.000,544560.000,9.096
9077.000,544620.000,9.843
9078.000,544680.000,9.390
9079.000,544740.000,9.092
9080.000,544800.000,9.217
9081.000,544860.000,9.265
9082.000,544920.000,9.587
9083.000,544980.000,9.590
9084.000,545040.000,9.617
9085.000,545100.000,9.676
9086.000,545160.000,9.391
9087.000,545220.000,9.665
9088.000,545280.000,9.753
9089.000,545340.000,9.571
9090.000,545400.000,9.207
9091.000,545460.000,9.948
9092.000,545520.000,9.694
9093.000,545580.000,9.805
9094.000,545640.000,9.285
9095.000,545700.000,9.438
9096.000,545760.000,9.554
9097.000,545820.000,9.675
9098.000,545880.000,9.450
9099.000,545940.000,9.582
9100.000,546000.000,9.878
9101.000,546060.000,9.285
9102.000,546120.000,9.236
9103.000,546180.000,9.186
9104.000,546240.000,9.531
9105.000,546300.000,9.639
9106.000,546360.000,9.618
9107.000,546420.000,9.119
9108.000,546480.000,9.944
9109.000,546540.000,9.179
9110.000,546600.000,9.800
9111.000,546660.000,9.976
9112.000,546720.000,9.296
9113.000,546780.000,9.463
9114.000,546840.000,9.717
9115.000,546900.000,9.188
9116.000,546960.000,9.207
9117.000,547020.000,9.400
9118.000,547080.000,9.114
9119.000,547140.000,9.631
9120.000,547200.000,9.210
9121.000,547260.000,9.760
9122.000,547320.000,9.864
9123.000,547380.000,9.239
9124.000,547440.000,9.092
9125.000,547500.000,9.946
9126.000,547560.000,9.162
9127.000,547620.000,9.968
9128.000,547680.000,9.074
9129.000,547740.000,9.666
9130.000,547800.000,9.270
9131.000,547860.000,9.402
9132.000,547920.000,9.178
9133.000,547980.000,9.877
9134.000,548040.000,9.430
9135.000,548100.000,9.072
9136.000,548160.000,9.035
9137.000,548220.000,9.982
9138.000,548280.000,9.526
9139.000,548340.000,9.724
9140.000,548400.000,9.603
9141.000,548460.000,9.668
9142.000,548520.000,9.557
9143.000,548580.000,9.558
9144.000,548640.000,9.487
9145.000,548700.000,9.992
9146.000,548760.000,9.322
9147.000,548820.000,9.265
9148.000,548880.000,9.344
9149.000,548940.000,9.581
9150.000,549000.000,9.589
9151.000,549060.000,9.947
9152.000,549120.000,9.070
9153.000,549180.000,9.324
9154.000,549240.000,9.676
9155.000,549300.000,9.843
9156.000,549360.000,9.605
9157.000,549420.000,9.620
9158.000,549480.000,9.826
9159.000,549540.000,9.343
9160.000,549600.000,9.790
9161.000,549660.000,9.864
9162.000,549720.000,9.946
9163.000,549780.000,9.735
9164.000,549840.000,9.329
9165.000,549900.000,9.612
9166.000,549960.000,9.595
9167.000,550020.000,9.644
9168.000,550080.000,9.427
9169.000,550140.000,9.400
9170.000,550200.000,9.183
9171.000,550260.000,9.082
9172.000,550320.000,9.695
9173.000,550380.000,9.545
9174.000,550440.000,9.592
9175.000,550500.000,9.998
9176.000,550560.000,9.125
9177.000,550620.000,9.376
9178.000,550680.000,9.031
9179.000,550740.000,9.779
9180.000,550800.000,9.470
9181.000,550860.000,9.188
9182.000,550920.000,9.541
9183.000,550980.000,9.055
9184.000,551040.000,9.648
9185.000,551100.000,9.343
9186.000,551160.000,9.620
9187.000,551220.000,9.505
9188.000,551280.000,9.279
9189.000,551340.000,9.447
9190.000,551400.000,9.740
9191.000,551460.000,9.834
9192.000,551520.000,9.948
9193.000,551580.000,9.374
9194.000,551640.000,9.038
9195.000,551700.000,9.516
9196.000,551760.000,9.849
9197.000,551820.000,9.732
9198.000,551880.000,9.630
9199.000,551940.000,9.336
9200.000,552000.000,9.745
9201.000,552060.000,9.010
9202.000,552120.000,9.688
9203.000,552180.000,9.977
9204.000,552240.000,9.926
9205.000,552300.000,9.638
9206.000,552360.000,9.422
9207.000,552420.000,9.327
9208.000,552480.000,9.648
9209.000,552540.000,9.757
9210.000,552600.000,9.037
9211.000,552660.000,9.124
9212.000,552720.000,9.382
9213.000,552780.000,9.494
9214.000,552840.000,9.718
9215.000,552900.000,9.330
9216.000,552960.000,9.078
9217.000,553020.000,9.042
9218.000,553080.000,9.496
9219.000,553140.000,9.437
9220.000,553200.000,9.437
9221.000,553260.000,9.324
9222.000,553320.000,9.857
9223.000,553380.000,9.335
9224.000,553440.000,9.691
9225.000,553500.000,9.390
9226.000,553560.000,9.245
9227.000,553620.000,9.604
9228.000,553680.000,9.521
9229.000,553740.000,9.190
9230.000,553800.000,9.771
9231.000,553860.000,9.009
9232.000,553920.000,9.745
9233.000,553980.000,9.195
9234.000,554040.000,9.721
9235.000,554100.000,9.114
9236.000,554160.000,9.026
9237.000,554220.000,9.684
9238.000,554280.000,9.686
9239.000,554340.000,9.786
9240.000,554400.000,9.949
9241.000,554460.000,9.863
9242.000,554520.000,9.021
9243.000,554580.000,9.001
9244.000,554640.000,9.456
9245.000,554700.000,9.811
9246.000,554760.000,9.001
9247.000,554820.000,9.194
9248.000,554880.000,9.986
9249.000,554940.000,9.260
9250.000,555000.000,9.160
9251.000,555060.000,9.637
9252.000,555120.000,9.739
9253.000,555180.000,9.089
9254.000,555240.000,9.860
9255.000,555300.000,9.247
9256.000,555360.000,9.844
9257.000,555420.000,9.679
9258.000,555480.000,9.162
9259.000,555540.000,9.826
9260.000,555600.000,9.407
9261.000,555660.000,9.361
9262.000,555720.000,9.846
9263.000,555780.000,9.041
9264.000,555840.000,9.700
9265.000,555900.000,9.416
9266.000,555960.000,9.536
9267.000,556020.000,9.863
9268.000,556080.000,9.184
9269.000,556140.000,9.710
9270.000,556200.000,9.439
9271.000,556260.000,9.177
9272.000,556320.000,9.781
9273.000,556380.000,9.192
9274.000,556440.000,9.953
9275.000,556500.000,9.596
9276.000,556560.000,9.872
9277.000,556620.000,9.436
9278.000,556680.000,9.342
9279.000,556740.000,9.130
9280.000,556800.000,9.396
9281.000,556860.000,9.661
9282.000,556920.000,9.983
9283.000,556980.000,9.933
9284.000,557040.000,9.671
9285.000,557100.000,9.363
9286.000,557160.000,9.267
9287.000,557220.000,9.833
9288.000,557280.000,9.307
9289.000,557340.000,9.183
9290.000,557400.000,9.000
9291.000,557460.000,9.905
9292.000,557520.000,9.388
9293.000,557580.000,9.140
9294.000,557640.000,9.688
9295.000,557700.000,9.508
9296.000,557760.000,9.871
9297.000,557820.000,9.097
9298.000,557880.000,9.814
9299.000,557940.000,9.223
9300.000,558000.000,9.091
9301.000,558060.000,9.463
9302.000,558120.000,9.010
9303.000,558180.000,9.574
9304.000,558240.000,9.404
9305.000,558300.000,9.092
9306.000,558360.000,9.903
9307.000,558420.000,9.750
9308.000,558480.000,9.638
9309.000,558540.000,9.907
9310.000,558600.000,9.928
9311.000,558660.000,9.879
9312.000,558720.000,9.327
9313.000,558780.000,9.930
9314.000,558840.000,9.667
9315.000,558900.000,9.803
9316.000,558960.000,9.761
9317.000,559020.000,9.900
9318.000,559080.000,9.989
9319.000,559140.000,9.530
9320.000,559200.000,9.525
9321.000,559260.000,9.950
9322.000,559320.000,9.918
9323.000,559380.000,9.037
9324.000,559440.000,9.017
9325.000,559500.000,9.121
9326.000,559560.000,9.872
9327.000,559620.000,9.113
9328.000,559680.000,9.673
9329.000,559740.000,9.501
9330.000,559800.000,9.412
9331.000,559860.000,9.079
9332.000,559920.000,9.043
9333.000,559980.000,9.266
9334.000,560040.000,9.178
9335.000,560100.000,9.652
9336.000,560160.000,9.572
9337.000,560220.000,9.915
9338.000,560280.000,9.941
9339.000,560340.000,9.978
9340.000,560400.000,9.861
9341.000,560460.000,9.139
9342.000,560520.000,9.589
9343.000,560580.000,9.848
9344.000,560640.000,9.878
9345.000,560700.000,9.214
9346.000,560760.000,9.787
9347.000,560820.000,9.622
9348.000,560880.000,9.327
9349.000,560940.000,9.919
9350.000,561000.000,9.067
9351.000,561060.000,9.878
9352.000,561120.000,9.519
9353.000,561180.000,9.427
9354.000,561240.000,9.359
9355.000,561300.000,9.606
9356.000,561360.000,9.690
9357.000,561420.000,9.825
9358.000,561480.000,9.717
9359.000,561540.000,9.223
9360.000,561600.000,9.564
9361.000,561660.000,9.406
9362.000,561720.000,9.571
9363.000,561780.000,9.749
9364.000,561840.000,9.414
9365.000,561900.000,9.012
9366.000,561960.000,9.246
9367.000,562020.000,9.989
9368.000,562080.000,9.282
9369.000,562140.000,9.796
9370.000,562200.000,9.275
9371.000,562260.000,9.897
9372.000,562320.000,9.289
9373.000,562380.000,9.694
9374.000,562440.000,9.487
9375.000,562500.000,9.102
9376.000,562560.000,9.508
9377.000,562620.000,9.019
9378.000,562680.000,9.437
9379.000,562740.000,9.881
9380.000,562800.000,9.266
9381.000,562860.000,9.005
9382.000,562920.000,9.888
9383.000,562980.000,9.379
9384.000,563040.000,9.151
9385.000,563100.000,9.654
9386.000,563160.000,9.964
9387.000,563220.000,9.418
9388.000,563280.000,9.715
9389.000,563340.000,9.819
9390.000,563400.000,9.380
9391.000,563460.000,9.219
9392.000,563520.000,9.188
9393.000,563580.000,9.685
9394.000,563640.000,9.883
9395.000,563700.000,9.301
9396.000,563760.000,9.015
9397.000,563820.000,9.406
9398.000,563880.000,9.403
9399.000,563940.000,9.556
9400.000,564000.000,9.303
9401.000,564060.000,9.754
9402.000,564120.000,9.708
9403.000,564180.000,9.418
9404.000,564240.000,9.799
9405.000,564300.000,9.340
9406.000,564360.000,9.058
9407.000,564420.000,9.604
9408.000,564480.000,9.383
9409.000,564540.000,9.476
9410.000,564600.000,9.532
9411.000,564660.000,9.203
9412.000,564720.000,9.200
9413.000,564780.000,9.001
9414.000,564840.000,9.513
9415.000,564900.000,9.493
9416.000,564960.000,9.666
9417.000,565020.000,9.137
9418.000,565080.000,9.716
9419.000,565140.000,9.590
9420.000,565200.000,9.395
9421.000,565260.000,9.649
9422.000,565320.000,9.124
9423.000,565380.000,9.428
9424.000,565440.000,9.362
9425.000,565500.000,9.726
9426.000,565560.000,9.302
9427.000,565620.000,9.523
9428.000,565680.000,9.192
9429.000,565740.000,9.230
9430.000,565800.000,9.301
9431.000,565860.000,9.706
9432.000,565920.000,9.769
9433.000,565980.000,9.425
9434.000,566040.000,9.969
9435.000,566100.000,9.445
9436.000,566160.000,9.451
9437.000,566220.000,9.066
9438.000,566280.000,9.188
9439.000,566340.000,9.574
9440.000,566400.000,9.972
9441.000,566460.000,9.448
9442.000,566520.000,9.585
9443.000,566580.000,9.918
9444.000,566640.000,9.246
9445.000,566700.000,9.370
9446.000,566760.000,9.911
9447.000,566820.000,9.916
9448.000,566880.000,9.994
9449.000,566940.000,9.305
9450.000,567000.000,9.908
9451.000,567060.000,9.633
9452.000,567120.000,9.106
9453.000,567180.000,9.261
9454.000,567240.000,9.449
9455.000,567300.000,9.994
9456.000,567360.000,9.360
9457.000,567420.000,9.035
9458.000,567480.000,9.995
9459.000,567540.000,9.821
9460.000,567600.000,9.803
9461.000,567660.000,9.119
9462.000,567720.000,9.006
9463.000,567780.000,9.913
9464.000,567840.000,9.994
9465.000,567900.000,9.830
9466.000,567960.000,9.373
9467.000,568020.000,9.518
9468.000,568080.000,9.542
9469.000,568140.000,9.003
9470.000,568200.000,9.473
9471.000,568260.000,9.144
9472.000,568320.000,9.382
9473.000,568380.000,9.085
9474.000,568440.000,9.310
9475.000,568500.000,9.901
9476.000,568560.000,9.954
9477.000,568620.000,9.663
9478.000,568680.000,9.131
9479.000,568740.000,9.497
9480.000,568800.000,9.697
9481.000,568860.000,9.292
9482.000,568920.000,9.137
9483.000,568980.000,9.977
9484.000,569040.000,9.248
9485.000,569100.000,9.878
9486.000,569160.000,9.622
9487.000,569220.000,9.126
9488.000,569280.000,9.449
9489.000,569340.000,9.584
9490.000,569400.000,9.481
9491.000,569460.000,9.487
9492.000,569520.000,9.861
9493.000,569580.000,9.619
9494.000,569640.000,9.127
9495.000,569700.000,9.148
9496.000,569760.000,9.107
9497.000,569820.000,9.445
9498.000,569880.000,9.501
9499.000,569940.000,9.441
9500.000,570000.000,9.434
9501.000,570060.000,9.257
9502.000,570120.000,9.771
9503.000,570180.000,9.640
9504.000,570240.000,9.114
9505.000,570300.000,9.752
9506.000,570360.000,9.987
9507.000,570420.000,9.083
9508.000,570480.000,9.884
9509.000,570540.000,9.509
9510.000,570600.000,9.355
9511.000,570660.000,9.215
9512.000,570720.000,9.911
9513.000,570780.000,9.970
9514.000,570840.000,9.779
9515.000,570900.000,9.912
9516.000,570960.000,9.206
9517.000,571020.000,9.475
9518.000,571080.000,9.698
9519.000,571140.000,9.723
9520.000,571200.000,9.504
9521.000,571260.000,9.633
9522.000,571320.000,9.418
9523.000,571380.000,9.477
9524.000,571440.000,9.834
9525.000,571500.000,9.692
9526.000,571560.000,9.081
9527.000,571620.000,9.609
9528.000,571680.000,9.196
9529.000,571740.000,9.140
9530.000,571800.000,9.801
9531.000,571860.000,9.321
9532.000,571920.000,9.682
9533.000,571980.000,9.910
9534.000,572040.000,9.862
9535.000,572100.000,9.354
9536.000,572160.000,9.563
9537.000,572220.000,9.326
9538.000,572280.000,9.203
9539.000,572340.000,9.681
9540.000,572400.000,9.156
9541.000,572460.000,9.004
9542.000,572520.000,9.975
9543.000,572580.000,9.252
9544.000,572640.000,9.682
9545.000,572700.000,9.920
9546.000,572760.000,9.290
9547.000,572820.000,9.977
9548.000,572880.000,9.712
9549.000,572940.000,9.274
9550.000,573000.000,9.996
9551.000,573060.000,9.675
9552.000,573120.000,9.251
9553.000,573180.000,9.333
9554.000,573240.000,9.060
9555.000,573300.000,9.943
9556.000,573360.000,9.699
9557.000,573420.000,9.867
9558.000,573480.000,9.625
9559.000,573540.000,9.486
9560.000,573600.000,9.794
9561.000,573660.000,9.261
9562.000,573720.000,9.081
9563.000,573780.000,9.217
9564.000,573840.000,9.774
9565.000,573900.000,9.412
9566.000,573960.000,9.583
9567.000,574020.000,9.981
9568.000,574080.000,9.160
9569.000,574140.000,9.535
9570.000,574200.000,9.440
9571.000,574260.000,9.951
9572.000,574320.000,9.956
9573.000,574380.000,9.012
9574.000,574440.000,9.671
9575.000,574500.000,9.288
9576.000,574560.000,9.810
9577.000,574620.000,9.564
9578.000,574680.000,9.970
9579.000,574740.000,9.607
9580.000,574800.000,9.143
9581.000,574860.000,9.948
9582.000,574920.000,9.197
9583.000,574980.000,9.721
9584.000,575040.000,9.358
9585.000,575100.000,9.904
9586.000,575160.000,9.500
9587.000,575220.000,9.853
9588.000,575280.000,9.026
9589.000,575340.000,9.914
9590.000,575400.000,9.649
9591.000,575460.000,9.126
9592.000,575520.000,9.517
9593.000,575580.000,9.654
9594.000,575640.000,9.738
9595.000,575700.000,9.801
9596.000,575760.000,9.799
9597.000,575820.000,9.158
9598.000,575880.000,9.119
9599.000,575940.000,9.182
9600.000,576000.000,9.387
9601.000,576060.000,9.284
9602.000,576120.000,9.422
9603.000,576180.000,9.356
9604.000,576240.000,9.777
9605.000,576300.000,9.807
9606.000,576360.000,9.522
9607.000,576420.000,9.368
9608.000,576480.000,9.843
9609.000,576540.000,9.478
9610.000,576600.000,9.131
9611.000,576660.000,9.997
9612.000,576720.000,9.985
9613.000,576780.000,9.118
9614.000,576840.000,9.960
9615.000,576900.000,9.690
9616.000,576960.000,9.540
9617.000,577020.000,9.206
9618.000,577080.000,9.456
9619.000,577140.000,9.903
9620.000,577200.000,9.821
9621.000,577260.000,9.496
9622.000,577320.000,9.908
9623.000,577380.000,9.760
9624.000,577440.000,9.164
9625.000,577500.000,9.828
9626.000,577560.000,9.673
9627.000,577620.000,9.131
9628.000,577680.000,9.425
9629.000,577740.000,9.001
9630.000,577800.000,9.494
9631.000,577860.000,9.647
9632.000,577920.000,9.279
9633.000,577980.000,9.386
9634.000,578040.000,9.615
9635.000,578100.000,9.256
9636.000,578160.000,9.314
9637.000,578220.000,9.783
9638.000,578280.000,9.072
9639.000,578340.000,9.828
9640.000,578400.000,9.268
9641.000,578460.000,9.341
9642.000,578520.000,9.488
9643.000,578580.000,9.356
9644.000,578640.000,9.135
9645.000,578700.000,9.374
9646.000,578760.000,9.446
9647.000,578820.000,9.951
9648.000,578880.000,9.646
9649.000,578940.000,9.155
9650.000,579000.000,9.783
9651.000,579060.000,9.972
9652.000,579120.000,9.483
9653.000,579180.000,9.362
9654.000,579240.000,9.734
9655.000,579300.000,9.632
9656.000,579360.000,9.877
9657.000,579420.000,9.640
9658.000,579480.000,9.017
9659.000,579540.000,9.982
9660.000,579600.000,9.161
9661.000,579660.000,9.113
9662.000,579720.000,9.144
9663.000,579780.000,9.019
9664.000,579840.000,9.164
9665.000,579900.000,9.268
9666.000,579960.000,9.383
9667.000,580020.000,9.520
9668.000,580080.000,9.474
9669.000,580140.000,9.043
9670.000,580200.000,9.898
9671.000,580260.000,9.654
9672.000,580320.000,9.661
9673.000,580380.000,9.517
9674.000,580440.000,9.795
9675.000,580500.000,9.352
9676.000,580560.000,9.800
9677.000,580620.000,9.835
9678.000,580680.000,9.929
9679.000,580740.000,9.365
9680.000,580800.000,9.937
9681.000,580860.000,9.629
9682.000,580920.000,9.876
9683.000,580980.000,9.616
9684.000,581040.000,9.757
9685.000,581100.000,9.781
9686.000,581160.000,9.477
9687.000,581220.000,9.691
9688.000,581280.000,9.746
9689.000,581340.000,9.161
9690.000,581400.000,9.834
9691.000,581460.000,9.216
9692.000,581520.000,9.095
9693.000,581580.000,9.734
9694.000,581640.000,9.345
9695.000,581700.000,9.844
9696.000,581760.000,9.869
9697.000,581820.000,9.972
9698.000,581880.000,9.190
9699.000,581940.000,9.402
9700.000,582000.000,9.023
9701.000,582060.000,9.929
9702.000,582120.000,9.097
9703.000,582180.000,9.885
9704.000,582240.000,9.026
9705.000,582300.000,9.854
9706.000,582360.000,9.363
9707.000,582420.000,9.195
9708.000,582480.000,9.767
9709.000,582540.000,9.453
9710.000,582600.000,9.125
9711.000,582660.000,9.988
9712.000,582720.000,9.498
9713.000,582780.000,9.737
9714.000,582840.000,9.726
9715.000,582900.000,9.405
9716.000,582960.000,9.844
9717.000,583020.000,9.625
9718.000,583080.000,9.935
9719.000,583140.000,9.024
9720.000,583200.000,9.659
9721.000,583260.000,9.421
9722.000,583320.000,9.069
9723.000,583380.000,9.626
9724.000,583440.000,9.170
9725.000,583500.000,9.273
9726.000,583560.000,9.925
9727.000,583620.000,9.487
9728.000,583680.000,9.739
9729.000,583740.000,9.659
9730.000,583800.000,9.983
9731.000,583860.000,9.285
9732.000,583920.000,9.349
9733.000,583980.000,9.832
9734.000,584040.000,9.482
9735.000,584100.000,9.166
9736.000,584160.000,9.416
9737.000,584220.000,9.566
9738.000,584280.000,9.071
9739.000,584340.000,9.158
9740.000,584400.000,9.193
9741.000,584460.000,9.826
9742.000,584520.000,9.476
9743.000,584580.000,9.183
9744.000,584640.000,9.681
9745.000,584700.000,9.028
9746.000,584760.000,9.848
9747.000,584820.000,9.015
9748.000,584880.000,9.656
9749.000,584940.000,9.403
9750.000,585000.000,9.449
9751.000,585060.000,9.365
9752.000,585120.000,9.206
9753.000,585180.000,9.673
9754.000,585240.000,9.932
9755.000,585300.000,9.835
9756.000,585360.000,9.093
9757.000,585420.000,9.311
9758.000,585480.000,9.299
9759.000,585540.000,9.388
9760.000,585600.000,9.257
9761.000,585660.000,9.814
9762.000,585720.000,9.551
9763.000,585780.000,9.218
9764.000,585840.000,9.532
9765.000,585900.000,9.318
9766.000,585960.000,9.964
9767.000,586020.000,9.121
9768.000,586080.000,9.669
9769.000,586140.000,9.161
9770.000,586200.000,9.269
9771.000,586260.000,9.670
9772.000,586320.000,9.463
9773.000,586380.000,9.445
9774.000,586440.000,9.954
9775.000,586500.000,9.468
9776.000,586560.000,9.043
9777.000,586620.000,9.784
9778.000,586680.000,9.621
9779.000,586740.000,9.460
9780.000,586800.000,9.840
9781.000,586860.000,9.872
9782.000,586920.000,9.444
9783.000,586980.000,9.476
9784.000,587040.000,9.798
9785.000,587100.000,9.800
9786.000,587160.000,9.812
9787.000,587220.000,9.138
9788.000,587280.000,9.563
9789.000,587340.000,9.106
9790.000,587400.000,9.259
9791.000,587460.000,9.286
9792.000,587520.000,9.613
9793.000,587580.000,9.243
9794.000,587640.000,9.727
9795.000,587700.000,9.774
9796.000,587760.000,9.724
9797.000,587820.000,9.115
9798.000,587880.000,9.632
9799.000,587940.000,9.012
9800.000,588000.000,9.646
9801.000,588060.000,9.089
9802.000,588120.000,9.953
9803.000,588180.000,9.457
9804.000,588240.000,9.486
9805.000,588300.000,9.937
9806.000,588360.000,9.464
9807.000,588420.000,9.470
9808.000,588480.000,9.853
9809.000,588540.000,9.890
9810.000,588600.000,9.294
9811.000,588660.000,9.336
9812.000,588720.000,9.958
9813.000,588780.000,9.517
9814.000,588840.000,9.055
9815.000,588900.000,9.270
9816.000,588960.000,9.017
9817.000,589020.000,9.352
9818.000,589080.000,9.572
9819.000,589140.000,9.407
9820.000,589200.000,9.666
9821.000,589260.000,9.544
9822.000,589320.000,9.827
9823.000,589380.000,9.532
9824.000,589440.000,9.473
9825.000,589500.000,9.260
9826.000,589560.000,9.887
9827.000,589620.000,9.710
9828.000,589680.000,9.946
9829.000,589740.000,9.473
9830.000,589800.000,9.684
9831.000,589860.000,9.479
9832.000,589920.000,9.754
9833.000,589980.000,9.513
9834.000,590040.000,9.460
9835.000,590100.000,9.619
9836.000,590160.000,9.886
9837.000,590220.000,9.892
9838.000,590280.000,9.717
9839.000,590340.000,9.247
9840.000,590400.000,9.959
9841.000,590460.000,9.110
9842.000,590520.000,9.695
9843.000,590580.000,9.044
9844.000,590640.000,9.747
9845.000,590700.000,9.830
9846.000,590760.000,9.036
9847.000,590820.000,9.185
9848.000,590880.000,9.046
9849.000,590940.000,9.314
9850.000,591000.000,9.720
9851.000,591060.000,9.447
9852.000,591120.000,9.155
9853.000,591180.000,9.394
9854.000,591240.000,9.142
9855.000,591300.000,9.145
9856.000,591360.000,9.694
9857.000,591420.000,9.700
9858.000,591480.000,9.322
9859.000,591540.000,9.299
9860.000,591600.000,9.926
9861.000,591660.000,9.892
9862.000,591720.000,9.539
9863.000,591780.000,9.277
9864.000,591840.000,9.115
9865.000,591900.000,9.860
9866.000,591960.000,9.351
9867.000,592020.000,9.623
9868.000,592080.000,9.898
9869.000,592140.000,9.566
9870.000,592200.000,9.699
9871.000,592260.000,9.816
9872.000,592320.000,9.847
9873.000,592380.000,9.991
9874.000,592440.000,9.697
9875.000,592500.000,9.716
9876.000,592560.000,9.206
9877.000,592620.000,9.718
9878.000,592680.000,9.004
9879.000,592740.000,9.108
9880.000,592800.000,9.405
9881.000,592860.000,9.376
9882.000,592920.000,9.233
9883.000,592980.000,9.998
9884.000,593040.000,9.976
9885.000,593100.000,9.777
9886.000,593160.000,9.279
9887.000,593220.000,9.106
9888.000,593280.000,9.609
9889.000,593340.000,9.468
9890.000,593400.000,9.735
9891.000,593460.000,9.991
9892.000,593520.000,9.482
9893.000,593580.000,9.185
9894.000,593640.000,9.047
9895.000,593700.000,9.546
9896.000,593760.000,9.312
9897.000,593820.000,9.293
9898.000,593880.000,9.415
9899.000,593940.000,9.207
9900.000,594000.000,9.730
9901.000,594060.000,9.519
9902.000,594120.000,9.957
9903.000,594180.000,9.420
9904.000,594240.000,9.371
9905.000,594300.000,9.359
9906.000,594360.000,9.453
9907.000,594420.000,9.231
9908.000,594480.000,9.357
9909.000,594540.000,9.436
9910.000,594600.000,9.658
9911.000,594660.000,9.822
9912.000,594720.000,9.042
9913.000,594780.000,9.195
9914.000,594840.000,9.216
9915.000,594900.000,9.614
9916.000,594960.000,9.053
9917.000,595020.000,9.643
9918.000,595080.000,9.823
9919.000,595140.000,9.669
9920.000,595200.000,9.366
9921.000,595260.000,9.915
9922.000,595320.000,9.201
9923.000,595380.000,9.013
9924.000,595440.000,9.223
9925.000,595500.000,9.430
9926.000,595560.000,9.835
9927.000,595620.000,9.422
9928.000,595680.000,9.669
9929.000,595740.000,9.681
9930.000,595800.000,9.952
9931.000,595860.000,9.654
9932.000,595920.000,9.903
9933.000,595980.000,9.115
9934.000,596040.000,9.208
9935.000,596100.000,9.404
9936.000,596160.000,9.444
9937.000,596220.000,9.119
9938.000,596280.000,9.975
9939.000,596340.000,9.982
9940.000,596400.000,9.012
9941.000,596460.000,9.521
9942.000,596520.000,9.320
9943.000,596580.000,9.722
9944.000,596640.000,9.678
9945.000,596700.000,9.952
9946.000,596760.000,9.023
9947.000,596820.000,9.084
9948.000,596880.000,9.557
9949.000,596940.000,9.350
9950.000,597000.000,9.549
9951.000,597060.000,9.843
9952.000,597120.000,9.078
9953.000,597180.000,9.676
9954.000,597240.000,9.838
9955.000,597300.000,9.928
9956.000,597360.000,9.643
9957.000,597420.000,9.777
9958.000,597480.000,9.162
9959.000,597540.000,9.620
9960.000,597600.000,9.736
9961.000,597660.000,9.952
9962.000,597720.000,9.166
9963.000,597780.000,9.148
9964.000,597840.000,9.253
9965.000,597900.000,9.301
9966.000,597960.000,9.159
9967.000,598020.000,9.779
9968.000,598080.000,9.712
9969.000,598140.000,9.909
9970.000,598200.000,9.207
9971.000,598260.000,9.019
9972.000,598320.000,9.760
9973.000,598380.000,9.540
9974.000,598440.000,9.805
9975.000,598500.000,9.120
9976.000,598560.000,9.712
9977.000,598620.000,9.715
9978.000,598680.000,9.772
9979.000,598740.000,9.923
9980.000,598800.000,9.045
9981.000,598860.000,9.581
9982.000,598920.000,9.871
9983.000,598980.000,9.708
9984.000,599040.000,9.990
9985.000,599100.000,9.129
9986.000,599160.000,9.427
9987.000,599220.000,9.073
9988.000,599280.000,9.018
9989.000,599340.000,9.866
9990.000,599400.000,9.835
9991.000,599460.000,9.480
9992.000,599520.000,9.894
9993.000,599580.000,9.009
9994.000,599640.000,9.684
9995.000,599700.000,9.428
9996.000,599760.000,9.327
9997.000,599820.000,9.041
9998.000,599880.000,9.186
9999.000,599940.000,9.183
10000.000,600000.000,9.077
10001.000,600060.000,9.001
10002.000,600120.000,9.301
10003.000,600180.000,9.406
10004.000,600240.000,9.605
10005.000,600300.000,9.853
10006.000,600360.000,9.643
10007.000,600420.000,9.984
10008.000,600480.000,9.213
10009.000,600540.000,9.420
10010.000,600600.000,9.383
10011.000,600660.000,9.869
10012.000,600720.000,9.858
10013.000,600780.000,9.779
10014.000,600840.000,9.726
10015.000,600900.000,9.750
10016.000,600960.000,9.027
10017.000,601020.000,9.545
10018.000,601080.000,9.916
10019.000,601140.000,9.813
10020.000,601200.000,9.153
10021.000,601260.000,9.350
10022.000,601320.000,9.702
10023.000,601380.000,9.789
10024.000,601440.000,9.594
10025.000,601500.000,9.496
10026.000,601560.000,9.807
10027.000,601620.000,10.000
10028.000,601680.000,9.066
10029.000,601740.000,9.967
10030.000,601800.000,9.204
10031.000,601860.000,9.470
10032.000,601920.000,9.858
10033.000,601980.000,9.121
10034.000,602040.000,9.678
10035.000,602100.000,9.209
10036.000,602160.000,9.721
10037.000,602220.000,9.818
10038.000,602280.000,9.075
10039.000,602340.000,9.600
10040.000,602400.000,9.869
10041.000,602460.000,9.710
10042.000,602520.000,9.489
10043.000,602580.000,9.500
10044.000,602640.000,9.091
10045.000,602700.000,9.428
10046.000,602760.000,9.830
10047.000,602820.000,9.806
10048.000,602880.000,9.825
10049.000,602940.000,9.286
10050.000,603000.000,9.442
10051.000,603060.000,9.781
10052.000,603120.000,9.026
10053.000,603180.000,9.269
10054.000,603240.000,9.000
10055.000,603300.000,9.060
10056.000,603360.000,9.706
10057.000,603420.000,9.335
10058.000,603480.000,9.597
10059.000,603540.000,9.268
10060.000,603600.000,9.268
10061.000,603660.000,9.898
10062.000,603720.000,9.640
10063.000,603780.000,9.957
10064.000,603840.000,9.371
10065.000,603900.000,9.528
10066.000,603960.000,9.987
10067.000,604020.000,9.780
10068.000,604080.000,9.952
10069.000,604140.000,9.868
10070.000,604200.000,9.480
10071.000,604260.000,9.042
10072.000,604320.000,9.741
10073.000,604380.000,9.548
10074.000,604440.000,9.485
10075.000,604500.000,9.359
10076.000,604560.000,9.729
10077.000,604620.000,9.471
10078.000,604680.000,9.514
10079.000,604740.000,9.890
10080.000,604800.000,9.885
10081.000,604860.000,9.267
10082.000,604920.000,9.793
10083.000,604980.000,9.621
10084.000,605040.000,9.668
10085.000,605100.000,9.913
10086.000,605160.000,9.786
10087.000,605220.000,9.592
10088.000,605280.000,9.716
10089.000,605340.000,9.471
10090.000,605400.000,9.524
10091.000,605460.000,9.724
10092.000,605520.000,9.061
10093.000,605580.000,9.700
10094.000,605640.000,9.107
10095.000,605700.000,9.295
10096.000,605760.000,9.799
10097.000,605820.000,9.137
10098.000,605880.000,9.224
10099.000,605940.000,9.223
10100.000,606000.000,9.776
10101.000,606060.000,9.640
10102.000,606120.000,9.794
10103.000,606180.000,9.702
10104.000,606240.000,9.632
10105.000,606300.000,9.549
10106.000,606360.000,9.923
10107.000,606420.000,9.214
10108.000,606480.000,9.020
10109.000,606540.000,9.907
10110.000,606600.000,9.439
10111.000,606660.000,9.788
10112.000,606720.000,9.755
10113.000,606780.000,9.536
10114.000,606840.000,9.528
10115.000,606900.000,9.542
10116.000,606960.000,9.923
10117.000,607020.000,9.408
10118.000,607080.000,9.333
10119.000,607140.000,9.648
10120.000,607200.000,9.436
10121.000,607260.000,9.584
10122.000,607320.000,9.297
10123.000,607380.000,9.807
10124.000,607440.000,9.414
10125.000,607500.000,9.545
10126.000,607560.000,9.796
10127.000,607620.000,9.968
10128.000,607680.000,9.396
10129.000,607740.000,9.833
10130.000,607800.000,9.235
10131.000,607860.000,9.511
10132.000,607920.000,9.278
10133.000,607980.000,9.558
10134.000,608040.000,9.016
10135.000,608100.000,9.018
10136.000,608160.000,9.563
10137.000,608220.000,9.294
10138.000,608280.000,9.796
10139.000,608340.000,9.988
10140.000,608400.000,9.044
10141.000,608460.000,9.300
10142.000,608520.000,9.775
10143.000,608580.000,9.799
10144.000,608640.000,9.791
10145.000,608700.000,9.373
10146.000,608760.000,9.297
10147.000,608820.000,9.645
10148.000,608880.000,9.329
10149.000,608940.000,9.417
10150.000,609000.000,9.138
10151.000,609060.000,9.822
10152.000,609120.000,9.224
10153.000,609180.000,9.696
10154.000,609240.000,9.772
10155.000,609300.000,9.214
10156.000,609360.000,9.358
10157.000,609420.000,9.201
10158.000,609480.000,9.086
10159.000,609540.000,9.860
10160.000,609600.000,9.897
10161.000,609660.000,9.732
10162.000,609720.000,9.330
10163.000,609780.000,9.661
10164.000,609840.000,9.871
10165.000,609900.000,9.070
10166.000,609960.000,9.885
10167.000,610020.000,9.804
10168.000,610080.000,9.056
10169.000,610140.000,9.244
10170.000,610200.000,9.947
10171.000,610260.000,9.401
10172.000,610320.000,9.616
10173.000,610380.000,9.000
10174.000,610440.000,9.013
10175.000,610500.000,9.584
10176.000,610560.000,9.539
10177.000,610620.000,9.504
10178.000,610680.000,9.240
10179.000,610740.000,9.730
10180.000,610800.000,9.609
10181.000,610860.000,9.760
10182.000,610920.000,9.687
10183.000,610980.000,9.555
10184.000,611040.000,9.772
10185.000,611100.000,9.941
10186.000,611160.000,9.715
10187.000,611220.000,9.838
10188.000,611280.000,9.513
10189.000,611340.000,9.737
10190.000,611400.000,9.623
10191.000,611460.000,9.142
10192.000,611520.000,9.681
10193.000,611580.000,9.456
10194.000,611640.000,9.248
10195.000,611700.000,9.625
10196.000,611760.000,9.023
10197.000,611820.000,9.708
10198.000,611880.000,9.279
10199.000,611940.000,9.065
10200.000,612000.000,9.002
10201.000,612060.000,9.036
10202.000,612120.000,9.519
10203.000,612180.000,9.404
10204.000,612240.000,9.918
10205.000,612300.000,9.663
10206.000,612360.000,9.244
10207.000,612420.000,9.617
10208.000,612480.000,9.829
10209.000,612540.000,9.031
10210.000,612600.000,9.911
10211.000,612660.000,9.806
10212.000,612720.000,9.567
10213.000,612780.000,9.924
10214.000,612840.000,9.644
10215.000,612900.000,9.081
10216.000,612960.000,9.971
10217.000,613020.000,9.042
10218.000,613080.000,9.720
10219.000,613140.000,9.308
10220.000,613200.000,9.066
10221.000,613260.000,9.232
10222.000,613320.000,9.416
10223.000,613380.000,9.135
10224.000,613440.000,9.126
10225.000,613500.000,9.071
10226.000,613560.000,9.633
10227.000,613620.000,9.970
10228.000,613680.000,9.314
10229.000,613740.000,9.208
10230.000,613800.000,9.749
10231.000,613860.000,9.855
10232.000,613920.000,9.811
10233.000,613980.000,9.714
10234.000,614040.000,9.417
10235.000,614100.000,9.313
10236.000,614160.000,9.290
10237.000,614220.000,9.368
10238.000,614280.000,9.496
10239.000,614340.000,9.291
10240.000,614400.000,9.856
10241.000,614460.000,9.703
10242.000,614520.000,9.622
10243.000,614580.000,9.134
10244.000,614640.000,9.506
10245.000,614700.000,9.901
10246.000,614760.000,9.693
10247.000,614820.000,9.882
10248.000,614880.000,9.778
10249.000,614940.000,9.255
10250.000,615000.000,9.384
10251.000,615060.000,9.704
10252.000,615120.000,9.597
10253.000,615180.000,9.018
10254.000,615240.000,9.441
10255.000,615300.000,9.230
10256.000,615360.000,9.254
10257.000,615420.000,9.564
10258.000,615480.000,9.269
10259.000,615540.000,9.730
10260.000,615600.000,9.781
10261.000,615660.000,9.753
10262.000,615720.000,9.312
10263.000,615780.000,9.600
10264.000,615840.000,9.326
10265.000,615900.000,9.266
10266.000,615960.000,9.265
10267.000,616020.000,9.599
10268.000,616080.000,9.814
10269.000,616140.000,9.868
10270.000,616200.000,9.565
10271.000,616260.000,9.473
10272.000,616320.000,9.130
10273.000,616380.000,9.352
10274.000,616440.000,9.957
10275.000,616500.000,9.254
10276.000,616560.000,9.285
10277.000,616620.000,9.718
10278.000,616680.000,9.413
10279.000,616740.000,9.147
10280.000,616800.000,9.566
10281.000,616860.000,9.202
10282.000,616920.000,9.684
10283.000,616980.000,9.304
10284.000,617040.000,9.406
10285.000,617100.000,9.279
10286.000,617160.000,9.908
10287.000,617220.000,9.742
10288.000,617280.000,9.078
10289.000,617340.000,9.420
10290.000,617400.000,9.022
10291.000,617460.000,9.834
10292.000,617520.000,9.991
10293.000,617580.000,9.804
10294.000,617640.000,9.461
10295.000,617700.000,9.124
10296.000,617760.000,9.069
10297.000,617820.000,9.775
10298.000,617880.000,9.045
10299.000,617940.000,9.191
10300.000,618000.000,9.942
10301.000,618060.000,9.829
10302.000,618120.000,9.938
10303.000,618180.000,9.402
10304.000,618240.000,9.478
10305.000,618300.000,9.957
10306.000,618360.000,9.292
10307.000,618420.000,9.606
10308.000,618480.000,9.389
10309.000,618540.000,9.134
10310.000,618600.000,9.694
10311.000,618660.000,9.889
10312.000,618720.000,9.483
10313.000,618780.000,9.795
10314.000,618840.000,9.224
10315.000,618900.000,9.300
10316.000,618960.000,9.892
10317.000,619020.000,9.497
10318.000,619080.000,9.504
10319.000,619140.000,9.457
10320.000,619200.000,9.339
10321.000,619260.000,9.015
10322.000,619320.000,9.009
10323.000,619380.000,9.035
10324.000,619440.000,9.971
10325.000,619500.000,9.511
10326.000,619560.000,9.645
10327.000,619620.000,9.425
10328.000,619680.000,9.102
10329.000,619740.000,9.095
10330.000,619800.000,9.994
10331.000,619860.000,9.885
10332.000,619920.000,9.850
10333.000,619980.000,9.037
10334.000,620040.000,9.343
10335.000,620100.000,9.991
10336.000,620160.000,9.660
10337.000,620220.000,9.091
10338.000,620280.000,9.388
10339.000,620340.000,9.774
10340.000,620400.000,9.318
10341.000,620460.000,9.918
10342.000,620520.000,9.548
10343.000,620580.000,9.556
10344.000,620640.000,9.610
10345.000,620700.000,9.908
10346.000,620760.000,9.395
10347.000,620820.000,9.067
10348.000,620880.000,9.326
10349.000,620940.000,9.888
10350.000,621000.000,9.674
10351.000,621060.000,9.115
10352.000,621120.000,9.328
10353.000,621180.000,9.902
10354.000,621240.000,9.616
10355.000,621300.000,9.449
10356.000,621360.000,9.208
10357.000,621420.000,9.589
10358.000,621480.000,9.487
10359.000,621540.000,9.878
10360.000,621600.000,9.634
10361.000,621660.000,9.402
10362.000,621720.000,9.686
10363.000,621780.000,9.711
10364.000,621840.000,9.217
10365.000,621900.000,9.238
10366.000,621960.000,9.051
10367.000,622020.000,9.992
10368.000,622080.000,9.948
10369.000,622140.000,9.811
10370.000,622200.000,9.098
10371.000,622260.000,9.357
10372.000,622320.000,9.731
10373.000,622380.000,9.763
10374.000,622440.000,9.004
10375.000,622500.000,9.918
10376.000,622560.000,9.745
10377.000,622620.000,9.928
10378.000,622680.000,9.519
10379.000,622740.000,9.446
10380.000,622800.000,9.595
10381.000,622860.000,9.551
10382.000,622920.000,9.246
10383.000,622980.000,9.737
10384.000,623040.000,9.477
10385.000,623100.000,9.297
10386.000,623160.000,9.150
10387.000,623220.000,9.751
10388.000,623280.000,9.625
10389.000,623340.000,9.085
10390.000,623400.000,9.635
10391.000,623460.000,9.527
10392.000,623520.000,9.821
10393.000,623580.000,9.102
10394.000,623640.000,9.728
10395.000,623700.000,9.388
10396.000,623760.000,9.059
10397.000,623820.000,9.237
10398.000,623880.000,9.290
10399.000,623940.000,9.709
10400.000,624000.000,9.338
10401.000,624060.000,9.526
10402.000,624120.000,9.304
10403.000,624180.000,9.867
10404.000,624240.000,9.698
10405.000,624300.000,9.216
10406.000,624360.000,9.673
10407.000,624420.000,9.442
10408.000,624480.000,9.663
10409.000,624540.000,9.323
10410.000,624600.000,9.802
10411.000,624660.000,9.904
10412.000,624720.000,9.347
10413.000,624780.000,9.899
10414.000,624840.000,9.762
10415.000,624900.000,9.142
10416.000,624960.000,9.024
10417.000,625020.000,9.249
10418.000,625080.000,9.244
10419.000,625140.000,9.442
10420.000,625200.000,9.748
10421.000,625260.000,9.663
10422.000,625320.000,9.675
10423.000,625380.000,9.265
10424.000,625440.000,9.316
10425.000,625500.000,9.469
10426.000,625560.000,9.236
10427.000,625620.000,9.606
10428.000,625680.000,9.702
10429.000,625740.000,9.498
10430.000,625800.000,9.720
10431.000,625860.000,9.143
10432.000,625920.000,9.915
10433.000,625980.000,9.528
10434.000,626040.000,9.921
10435.000,626100.000,9.160
10436.000,626160.000,9.563
10437.000,626220.000,9.504
10438.000,626280.000,9.798
10439.000,626340.000,9.830
10440.000,626400.000,9.060
10441.000,626460.000,9.759
10442.000,626520.000,9.243
10443.000,626580.000,9.197
10444.000,626640.000,9.205
10445.000,626700.000,9.724
10446.000,626760.000,9.090
10447.000,626820.000,9.895
10448.000,626880.000,9.672
10449.000,626940.000,9.640
10450.000,627000.000,9.290
10451.000,627060.000,9.384
10452.000,627120.000,9.733
10453.000,627180.000,9.159
10454.000,627240.000,9.932
10455.000,627300.000,9.487
10456.000,627360.000,9.971
10457.000,627420.000,9.780
10458.000,627480.000,9.427
10459.000,627540.000,9.526
10460.000,627600.000,9.265
10461.000,627660.000,9.387
10462.000,627720.000,9.884
10463.000,627780.000,9.129
10464.000,627840.000,9.828
10465.000,627900.000,9.038
10466.000,627960.000,9.158
10467.000,628020.000,9.179
10468.000,628080.000,9.146
10469.000,628140.000,9.453
10470.000,628200.000,9.640
10471.000,628260.000,9.724
10472.000,628320.000,9.137
10473.000,628380.000,9.173
10474.000,628440.000,9.225
10475.000,628500.000,9.199
10476.000,628560.000,9.773
10477.000,628620.000,9.551
10478.000,628680.000,9.546
10479.000,628740.000,9.193
10480.000,628800.000,9.090
10481.000,628860.000,9.311
10482.000,628920.000,9.307
10483.000,628980.000,9.081
10484.000,629040.000,9.616
10485.000,629100.000,9.409
10486.000,629160.000,9.972
10487.000,629220.000,9.333
10488.000,629280.000,9.017
10489.000,629340.000,9.570
10490.000,629400.000,9.396
10491.000,629460.000,9.666
10492.000,629520.000,9.604
10493.000,629580.000,9.259
10494.000,629640.000,9.816
10495.000,629700.000,9.042
10496.000,629760.000,9.146
10497.000,629820.000,9.634
10498.000,629880.000,9.416
10499.000,629940.000,9.971
10500.000,630000.000,9.365
10501.000,630060.000,9.359
10502.000,630120.000,9.455
10503.000,630180.000,9.882
10504.000,630240.000,9.507
10505.000,630300.000,9.696
10506.000,630360.000,9.141
10507.000,630420.000,9.780
10508.000,630480.000,9.592
10509.000,630540.000,9.058
10510.000,630600.000,9.144
10511.000,630660.000,9.696
10512.000,630720.000,9.675
10513.000,630780.000,9.720
10514.000,630840.000,9.020
10515.000,630900.000,9.722
10516.000,630960.000,9.570
10517.000,631020.000,9.539
10518.000,631080.000,9.098
10519.000,631140.000,9.448
10520.000,631200.000,9.654
10521.000,631260.000,9.749
10522.000,631320.000,9.881
10523.000,631380.000,9.600
10524.000,631440.000,9.159
10525.000,631500.000,9.216
10526.000,631560.000,9.307
10527.000,631620.000,9.708
10528.000,631680.000,9.040
10529.000,631740.000,9.727
10530.000,631800.000,9.952
10531.000,631860.000,9.484
10532.000,631920.000,9.252
10533.000,631980.000,9.193
10534.000,632040.000,9.930
10535.000,632100.000,9.640
10536.000,632160.000,9.719
10537.000,632220.000,9.307
10538.000,632280.000,9.226
10539.000,632340.000,9.579
10540.000,632400.000,9.830
10541.000,632460.000,9.938
10542.000,632520.000,9.724
10543.000,632580.000,9.560
10544.000,632640.000,9.361
10545.000,632700.000,9.090
10546.000,632760.000,9.937
10547.000,632820.000,9.809
10548.000,632880.000,9.133
10549.000,632940.000,9.853
10550.000,633000.000,9.503
10551.000,633060.000,9.887
10552.000,633120.000,9.799
10553.000,633180.000,9.210
10554.000,633240.000,9.316
10555.000,633300.000,9.767
10556.000,633360.000,9.542
10557.000,633420.000,9.146
10558.000,633480.000,9.085
10559.000,633540.000,9.841
10560.000,633600.000,9.830
10561.000,633660.000,9.154
10562.000,633720.000,9.566
10563.000,633780.000,9.410
10564.000,633840.000,9.498
10565.000,633900.000,9.813
10566.000,633960.000,9.693
10567.000,634020.000,9.360
10568.000,634080.000,9.815
10569.000,634140.000,9.351
10570.000,634200.000,9.490
10571.000,634260.000,9.399
10572.000,634320.000,9.240
10573.000,634380.000,9.835
10574.000,634440.000,9.714
10575.000,634500.000,9.285
10576.000,634560.000,9.600
10577.000,634620.000,9.210
10578.000,634680.000,9.315
10579.000,634740.000,9.117
10580.000,634800.000,9.146
10581.000,634860.000,9.755
10582.000,634920.000,9.083
10583.000,634980.000,9.607
10584.000,635040.000,9.449
10585.000,635100.000,9.433
10586.000,635160.000,9.617
10587.000,635220.000,9.059
10588.000,635280.000,9.828
10589.000,635340.000,9.974
10590.000,635400.000,9.762
10591.000,635460.000,9.181
10592.000,635520.000,9.830
10593.000,635580.000,9.196
10594.000,635640.000,9.561
10595.000,635700.000,9.430
10596.000,635760.000,9.490
10597.000,635820.000,9.423
10598.000,635880.000,9.226
10599.000,635940.000,9.208
10600.000,636000.000,9.720
10601.000,636060.000,9.353
10602.000,636120.000,9.550
10603.000,636180.000,9.318
10604.000,636240.000,9.534
10605.000,636300.000,9.429
10606.000,636360.000,9.638
10607.000,636420.000,9.574
10608.000,636480.000,9.354
10609.000,636540.000,9.827
10610.000,636600.000,9.063
10611.000,636660.000,9.356
10612.000,636720.000,9.012
10613.000,636780.000,9.977
10614.000,636840.000,9.750
10615.000,636900.000,9.074
10616.000,636960.000,9.713
10617.000,637020.000,9.184
10618.000,637080.000,9.267
10619.000,637140.000,9.701
10620.000,637200.000,9.039
10621.000,637260.000,9.095
10622.000,637320.000,9.244
10623.000,637380.000,9.603
10624.000,637440.000,9.573
10625.000,637500.000,9.761
10626.000,637560.000,9.305
10627.000,637620.000,9.364
10628.000,637680.000,9.225
10629.000,637740.000,9.253
10630.000,637800.000,9.692
10631.000,637860.000,9.891
10632.000,637920.000,9.526
10633.000,637980.000,9.604
10634.000,638040.000,9.177
10635.000,638100.000,9.838
10636.000,638160.000,9.478
10637.000,638220.000,9.019
10638.000,638280.000,9.874
10639.000,638340.000,9.578
10640.000,638400.000,9.423
10641.000,638460.000,9.986
10642.000,638520.000,9.360
10643.000,638580.000,9.782
10644.000,638640.000,9.583
10645.000,638700.000,9.089
10646.000,638760.000,9.667
10647.000,638820.000,9.893
10648.000,638880.000,9.929
10649.000,638940.000,9.246
10650.000,639000.000,9.863
10651.000,639060.000,9.903
10652.000,639120.000,9.440
10653.000,639180.000,9.265
10654.000,639240.000,9.522
10655.000,639300.000,9.313
10656.000,639360.000,9.927
10657.000,639420.000,9.574
10658.000,639480.000,9.787
10659.000,639540.000,9.886
10660.000,639600.000,9.361
10661.000,639660.000,9.454
10662.000,639720.000,9.488
10663.000,639780.000,9.972
10664.000,639840.000,9.510
10665.000,639900.000,9.368
10666.000,639960.000,9.895
10667.000,640020.000,9.529
10668.000,640080.000,9.000
10669.000,640140.000,9.550
10670.000,640200.000,9.932
10671.000,640260.000,9.921
10672.000,640320.000,9.747
10673.000,640380.000,9.729
10674.000,640440.000,9.743
10675.000,640500.000,9.986
10676.000,640560.000,9.903
10677.000,640620.000,9.669
10678.000,640680.000,9.140
10679.000,640740.000,9.115
10680.000,640800.000,9.705
10681.000,640860.000,9.111
10682.000,640920.000,9.300
10683.000,640980.000,9.020
10684.000,641040.000,9.313
10685.000,641100.000,9.972
10686.000,641160.000,9.738
10687.000,641220.000,9.317
10688.000,641280.000,9.093
10689.000,641340.000,9.667
10690.000,641400.000,9.508
10691.000,641460.000,9.093
10692.000,641520.000,9.633
10693.000,641580.000,9.979
10694.000,641640.000,9.500
10695.000,641700.000,9.862
10696.000,641760.000,9.972
10697.000,641820.000,9.464
10698.000,641880.000,9.194
10699.000,641940.000,9.060
10700.000,642000.000,9.790
10701.000,642060.000,9.138
10702.000,642120.000,9.779
10703.000,642180.000,9.770
10704.000,642240.000,9.269
10705.000,642300.000,9.915
10706.000,642360.000,9.876
10707.000,642420.000,9.509
10708.000,642480.000,9.333
10709.000,642540.000,9.168
10710.000,642600.000,9.366
10711.000,642660.000,9.884
10712.000,642720.000,9.792
10713.000,642780.000,9.497
10714.000,642840.000,9.343
10715.000,642900.000,9.456
10716.000,642960.000,9.754
10717.000,643020.000,9.423
10718.000,643080.000,9.217
10719.000,643140.000,9.706
10720.000,643200.000,9.052
10721.000,643260.000,9.110
10722.000,643320.000,9.705
10723.000,643380.000,9.779
10724.000,643440.000,9.151
10725.000,643500.000,9.743
10726.000,643560.000,9.516
10727.000,643620.000,9.036
10728.000,643680.000,9.368
10729.000,643740.000,9.634
10730.000,643800.000,9.304
10731.000,643860.000,9.771
10732.000,643920.000,9.409
10733.000,643980.000,9.872
10734.000,644040.000,9.908
10735.000,644100.000,9.594
10736.000,644160.000,9.110
10737.000,644220.000,9.414
10738.000,644280.000,9.848
10739.000,644340.000,9.193
10740.000,644400.000,9.011
10741.000,644460.000,9.896
10742.000,644520.000,9.343
10743.000,644580.000,9.889
10744.000,644640.000,9.997
10745.000,644700.000,9.019
10746.000,644760.000,9.464
10747.000,644820.000,9.662
10748.000,644880.000,9.788
10749.000,644940.000,9.824
10750.000,645000.000,9.035
10751.000,645060.000,9.957
10752.000,645120.000,9.951
10753.000,645180.000,9.264
10754.000,645240.000,9.696
10755.000,645300.000,9.014
10756.000,645360.000,9.387
10757.000,645420.000,9.474
10758.000,645480.000,9.483
10759.000,645540.000,9.917
10760.000,645600.000,9.689
10761.000,645660.000,9.910
10762.000,645720.000,9.622
10763.000,645780.000,9.653
10764.000,645840.000,9.649
10765.000,645900.000,9.280
10766.000,645960.000,9.015
10767.000,646020.000,9.485
10768.000,646080.000,9.821
10769.000,646140.000,9.172
10770.000,646200.000,9.736
10771.000,646260.000,9.394
10772.000,646320.000,9.057
10773.000,646380.000,9.001
10774.000,646440.000,9.628
10775.000,646500.000,9.800
10776.000,646560.000,9.052
10777.000,646620.000,9.631
10778.000,646680.000,9.380
10779.000,646740.000,9.278
10780.000,646800.000,9.440
10781.000,646860.000,9.282
10782.000,646920.000,9.941
10783.000,646980.000,9.201
10784.000,647040.000,9.939
10785.000,647100.000,9.221
10786.000,647160.000,9.642
10787.000,647220.000,9.660
10788.000,647280.000,9.723
10789.000,647340.000,9.694
10790.000,647400.000,9.649
10791.000,647460.000,9.102
10792.000,647520.000,9.119
10793.000,647580.000,9.750
10794.000,647640.000,9.552
10795.000,647700.000,9.928
10796.000,647760.000,9.232
10797.000,647820.000,9.896
10798.000,647880.000,9.456
10799.000,647940.000,9.201
10800.000,648000.000,9.933
10801.000,648060.000,9.164
10802.000,648120.000,9.639
10803.000,648180.000,9.620
10804.000,648240.000,9.344
10805.000,648300.000,9.073
10806.000,648360.000,9.924
10807.000,648420.000,9.516
10808.000,648480.000,9.206
10809.000,648540.000,9.041
10810.000,648600.000,9.602
10811.000,648660.000,9.984
10812.000,648720.000,9.280
10813.000,648780.000,9.478
10814.000,648840.000,9.399
10815.000,648900.000,9.973
10816.000,648960.000,9.127
10817.000,649020.000,9.881
10818.000,649080.000,9.488
10819.000,649140.000,9.707
10820.000,649200.000,9.056
10821.000,649260.000,9.590
10822.000,649320.000,9.032
10823.000,649380.000,9.707
10824.000,649440.000,9.862
10825.000,649500.000,9.847
10826.000,649560.000,9.205
10827.000,649620.000,9.930
10828.000,649680.000,9.060
10829.000,649740.000,9.466
10830.000,649800.000,9.202
10831.000,649860.000,9.539
10832.000,649920.000,9.440
10833.000,649980.000,9.678
10834.000,650040.000,9.089
10835.000,650100.000,9.160
10836.000,650160.000,9.093
10837.000,650220.000,9.209
10838.000,650280.000,9.618
10839.000,650340.000,9.993
10840.000,650400.000,9.056
10841.000,650460.000,9.623
10842.000,650520.000,9.040
10843.000,650580.000,9.491
10844.000,650640.000,9.453
10845.000,650700.000,9.176
10846.000,650760.000,9.315
10847.000,650820.000,9.280
10848.000,650880.000,9.234
10849.000,650940.000,9.213
10850.000,651000.000,9.100
10851.000,651060.000,9.654
10852.000,651120.000,9.597
10853.000,651180.000,9.497
10854.000,651240.000,9.274
10855.000,651300.000,9.061
10856.000,651360.000,9.351
10857.000,651420.000,9.838
10858.000,651480.000,9.421
10859.000,651540.000,9.574
10860.000,651600.000,9.275
10861.000,651660.000,9.893
10862.000,651720.000,9.663
10863.000,651780.000,9.971
10864.000,651840.000,9.907
10865.000,651900.000,9.072
10866.000,651960.000,9.713
10867.000,652020.000,9.910
10868.000,652080.000,9.937
10869.000,652140.000,9.227
10870.000,652200.000,9.804
10871.000,652260.000,9.889
10872.000,652320.000,9.556
10873.000,652380.000,9.937
10874.000,652440.000,9.074
10875.000,652500.000,9.169
10876.000,652560.000,9.697
10877.000,652620.000,9.031
10878.000,652680.000,9.894
10879.000,652740.000,9.261
10880.000,652800.000,9.575
10881.000,652860.000,9.186
10882.000,652920.000,9.022
10883.000,652980.000,9.487
10884.000,653040.000,9.279
10885.000,653100.000,9.614
10886.000,653160.000,9.876
10887.000,653220.000,9.090
10888.000,653280.000,9.370
10889.000,653340.000,9.244
10890.000,653400.000,9.554
10891.000,653460.000,9.878
10892.000,653520.000,9.464
10893.000,653580.000,9.613
10894.000,653640.000,9.481
10895.000,653700.000,9.234
10896.000,653760.000,9.457
10897.000,653820.000,9.709
10898.000,653880.000,9.914
10899.000,653940.000,9.925
10900.000,654000.000,9.523
10901.000,654060.000,9.232
10902.000,654120.000,9.717
10903.000,654180.000,9.961
10904.000,654240.000,9.507
10905.000,654300.000,9.313
10906.000,654360.000,9.836
10907.000,654420.000,9.488
10908.000,654480.000,9.995
10909.000,654540.000,9.687
10910.000,654600.000,9.135
10911.000,654660.000,9.928
10912.000,654720.000,9.697
10913.000,654780.000,9.017
10914.000,654840.000,9.817
10915.000,654900.000,9.727
10916.000,654960.000,9.142
10917.000,655020.000,9.207
10918.000,655080.000,9.802
10919.000,655140.000,9.986
10920.000,655200.000,9.352
10921.000,655260.000,9.960
10922.000,655320.000,9.046
10923.000,655380.000,9.548
10924.000,655440.000,9.421
10925.000,655500.000,9.920
10926.000,655560.000,9.146
10927.000,655620.000,9.697
10928.000,655680.000,9.649
10929.000,655740.000,9.239
10930.000,655800.000,9.542
10931.000,655860.000,9.908
10932.000,655920.000,9.535
10933.000,655980.000,9.191
10934.000,656040.000,9.485
10935.000,656100.000,9.650
10936.000,656160.000,9.222
10937.000,656220.000,9.539
10938.000,656280.000,9.745
10939.000,656340.000,9.631
10940.000,656400.000,9.314
10941.000,656460.000,9.283
10942.000,656520.000,9.337
10943.000,656580.000,9.234
10944.000,656640.000,9.053
10945.000,656700.000,9.683
10946.000,656760.000,9.671
10947.000,656820.000,9.865
10948.000,656880.000,9.963
10949.000,656940.000,9.794
10950.000,657000.000,9.434
10951.000,657060.000,9.787
10952.000,657120.000,9.581
10953.000,657180.000,9.424
10954.000,657240.000,9.745
10955.000,657300.000,9.502
10956.000,657360.000,9.208
10957.000,657420.000,9.279
10958.000,657480.000,9.526
10959.000,657540.000,9.795
10960.000,657600.000,9.086
10961.000,657660.000,9.830
10962.000,657720.000,9.206
10963.000,657780.000,9.953
10964.000,657840.000,9.949
10965.000,657900.000,9.654
10966.000,657960.000,9.563
10967.000,658020.000,9.407
10968.000,658080.000,9.007
10969.000,658140.000,9.347
10970.000,658200.000,9.729
10971.000,658260.000,9.073
10972.000,658320.000,9.280
10973.000,658380.000,9.184
10974.000,658440.000,9.863
10975.000,658500.000,9.660
10976.000,658560.000,9.650
10977.000,658620.000,9.652
10978.000,658680.000,9.611
10979.000,658740.000,9.037
10980.000,658800.000,9.983
10981.000,658860.000,9.237
10982.000,658920.000,9.768
10983.000,658980.000,9.127
10984.000,659040.000,9.684
10985.000,659100.000,9.594
10986.000,659160.000,9.943
10987.000,659220.000,9.391
10988.000,659280.000,9.138
10989.000,659340.000,9.009
10990.000,659400.000,9.287
10991.000,659460.000,9.866
10992.000,659520.000,9.420
10993.000,659580.000,9.792
10994.000,659640.000,9.666
10995.000,659700.000,9.255
10996.000,659760.000,9.772
10997.000,659820.000,9.488
10998.000,659880.000,9.070
10999.000,659940.000,9.384
11000.000,660000.000,9.400
11001.000,660060.000,9.099
11002.000,660120.000,9.391
11003.000,660180.000,9.490
11004.000,660240.000,9.871
11005.000,660300.000,9.182
11006.000,660360.000,9.653
11007.000,660420.000,9.638
11008.000,660480.000,9.002
11009.000,660540.000,9.909
11010.000,660600.000,9.521
11011.000,660660.000,9.132
11012.000,660720.000,9.943
11013.000,660780.000,9.118
11014.000,660840.000,9.495
11015.000,660900.000,9.309
11016.000,660960.000,9.081
11017.000,661020.000,9.146
11018.000,661080.000,9.856
11019.000,661140.000,9.658
11020.000,661200.000,9.405
11021.000,661260.000,9.247
11022.000,661320.000,9.366
11023.000,661380.000,9.479
11024.000,661440.000,9.050
11025.000,661500.000,9.960
11026.000,661560.000,9.128
11027.000,661620.000,9.790
11028.000,661680.000,9.476
11029.000,661740.000,9.707
11030.000,661800.000,9.900
11031.000,661860.000,9.486
11032.000,661920.000,9.609
11033.000,661980.000,9.256
11034.000,662040.000,9.343
11035.000,662100.000,9.326
11036.000,662160.000,9.141
11037.000,662220.000,9.561
11038.000,662280.000,9.256
11039.000,662340.000,9.380
11040.000,662400.000,9.995
11041.000,662460.000,9.699
11042.000,662520.000,9.701
11043.000,662580.000,9.151
11044.000,662640.000,9.082
11045.000,662700.000,9.611
11046.000,662760.000,9.010
11047.000,662820.000,9.387
11048.000,662880.000,9.724
11049.000,662940.000,9.768
11050.000,663000.000,9.862
11051.000,663060.000,9.906
11052.000,663120.000,9.186
11053.000,663180.000,9.327
11054.000,663240.000,9.089
11055.000,663300.000,9.182
11056.000,663360.000,9.273
11057.000,663420.000,9.481
11058.000,663480.000,9.999
11059.000,663540.000,9.720
11060.000,663600.000,9.339
11061.000,663660.000,9.620
11062.000,663720.000,9.798
11063.000,663780.000,9.930
11064.000,663840.000,9.466
11065.000,663900.000,9.087
11066.000,663960.000,9.982
11067.000,664020.000,9.848
11068.000,664080.000,9.721
11069.000,664140.000,9.250
11070.000,664200.000,9.235
11071.000,664260.000,9.573
11072.000,664320.000,9.729
11073.000,664380.000,9.262
11074.000,664440.000,9.034
11075.000,664500.000,9.823
11076.000,664560.000,9.508
11077.000,664620.000,9.025
11078.000,664680.000,9.036
11079.000,664740.000,9.120
11080.000,664800.000,9.876
11081.000,664860.000,9.765
11082.000,664920.000,9.429
11083.000,664980.000,9.852
11084.000,665040.000,9.574
11085.000,665100.000,9.196
11086.000,665160.000,9.724
11087.000,665220.000,9.123
11088.000,665280.000,9.589
11089.000,665340.000,9.200
11090.000,665400.000,9.644
11091.000,665460.000,9.310
11092.000,665520.000,9.546
11093.000,665580.000,9.842
11094.000,665640.000,9.847
11095.000,665700.000,9.031
11096.000,665760.000,9.971
11097.000,665820.000,9.428
11098.000,665880.000,9.863
11099.000,665940.000,9.845
11100.000,666000.000,9.545
11101.000,666060.000,9.263
11102.000,666120.000,9.782
11103.000,666180.000,9.990
11104.000,666240.000,9.249
11105.000,666300.000,9.005
11106.000,666360.000,9.547
11107.000,666420.000,9.321
11108.000,666480.000,9.123
11109.000,666540.000,9.316
11110.000,666600.000,9.200
11111.000,666660.000,9.839
11112.000,666720.000,9.520
11113.000,666780.000,9.353
11114.000,666840.000,9.627
11115.000,666900.000,9.543
11116.000,666960.000,9.553
11117.000,667020.000,9.801
11118.000,667080.000,9.000
11119.000,667140.000,9.091
11120.000,667200.000,9.573
11121.000,667260.000,9.980
11122.000,667320.000,9.554
11123.000,667380.000,9.445
11124.000,667440.000,9.004
11125.000,667500.000,9.856
11126.000,667560.000,9.207
11127.000,667620.000,9.700
11128.000,667680.000,9.902
11129.000,667740.000,9.623
11130.000,667800.000,9.876
11131.000,667860.000,9.786
11132.000,667920.000,9.947
11133.000,667980.000,9.731
11134.000,668040.000,9.897
11135.000,668100.000,9.391
11136.000,668160.000,9.110
11137.000,668220.000,9.269
11138.000,668280.000,9.673
11139.000,668340.000,9.643
11140.000,668400.000,9.106
11141.000,668460.000,9.867
11142.000,668520.000,9.400
11143.000,668580.000,9.345
11144.000,668640.000,9.535
11145.000,668700.000,9.038
11146.000,668760.000,9.308
11147.000,668820.000,9.271
11148.000,668880.000,9.185
11149.000,668940.000,9.508
11150.000,669000.000,9.867
11151.000,669060.000,9.278
11152.000,669120.000,9.722
11153.000,669180.000,9.555
11154.000,669240.000,9.026
11155.000,669300.000,9.314
11156.000,669360.000,9.928
11157.000,669420.000,9.694
11158.000,669480.000,9.614
11159.000,669540.000,9.820
11160.000,669600.000,9.103
11161.000,669660.000,9.427
11162.000,669720.000,9.767
11163.000,669780.000,9.865
11164.000,669840.000,9.623
11165.000,669900.000,9.443
11166.000,669960.000,9.277
11167.000,670020.000,9.958
11168.000,670080.000,9.546
11169.000,670140.000,9.231
11170.000,670200.000,9.714
11171.000,670260.000,9.746
11172.000,670320.000,9.261
11173.000,670380.000,9.627
11174.000,670440.000,9.635
11175.000,670500.000,9.677
11176.000,670560.000,9.890
11177.000,670620.000,9.999
11178.000,670680.000,9.700
11179.000,670740.000,9.990
11180.000,670800.000,9.454
11181.000,670860.000,9.929
11182.000,670920.000,9.735
11183.000,670980.000,9.809
11184.000,671040.000,9.991
11185.000,671100.000,9.895
11186.000,671160.000,9.608
11187.000,671220.000,9.990
11188.000,671280.000,9.616
11189.000,671340.000,9.704
11190.000,671400.000,9.315
11191.000,671460.000,9.985
11192.000,671520.000,9.807
11193.000,671580.000,9.173
11194.000,671640.000,9.154
11195.000,671700.000,9.707
11196.000,671760.000,9.982
11197.000,671820.000,9.556
11198.000,671880.000,9.949
11199.000,671940.000,9.214
11200.000,672000.000,9.852
11201.000,672060.000,9.559
11202.000,672120.000,9.933
11203.000,672180.000,9.038
11204.000,672240.000,9.646
11205.000,672300.000,9.268
11206.000,672360.000,9.349
11207.000,672420.000,9.869
11208.000,672480.000,9.643
11209.000,672540.000,9.552
11210.000,672600.000,9.004
11211.000,672660.000,9.166
11212.000,672720.000,9.285
11213.000,672780.000,9.696
11214.000,672840.000,9.293
11215.000,672900.000,9.651
11216.000,672960.000,9.340
11217.000,673020.000,9.280
11218.000,673080.000,9.224
11219.000,673140.000,9.091
11220.000,673200.000,9.906
11221.000,673260.000,9.518
11222.000,673320.000,9.728
11223.000,673380.000,9.275
11224.000,673440.000,9.012
11225.000,673500.000,9.053
11226.000,673560.000,9.831
11227.000,673620.000,9.568
11228.000,673680.000,9.107
11229.000,673740.000,9.355
11230.000,673800.000,9.319
11231.000,673860.000,9.134
11232.000,673920.000,9.607
11233.000,673980.000,9.896
11234.000,674040.000,9.790
11235.000,674100.000,9.257
11236.000,674160.000,9.448
11237.000,674220.000,9.475
11238.000,674280.000,9.943
11239.000,674340.000,9.377
11240.000,674400.000,9.513
11241.000,674460.000,9.637
11242.000,674520.000,9.917
11243.000,674580.000,9.831
11244.000,674640.000,9.713
11245.000,674700.000,9.634
11246.000,674760.000,9.959
11247.000,674820.000,9.168
11248.000,674880.000,9.168
11249.000,674940.000,9.843
11250.000,675000.000,9.405
11251.000,675060.000,9.182
11252.000,675120.000,9.150
11253.000,675180.000,9.164
11254.000,675240.000,9.827
11255.000,675300.000,9.358
11256.000,675360.000,9.616
11257.000,675420.000,9.696
11258.000,675480.000,9.701
11259.000,675540.000,9.826
11260.000,675600.000,9.768
11261.000,675660.000,9.266
11262.000,675720.000,9.014
11263.000,675780.000,9.238
11264.000,675840.000,9.267
11265.000,675900.000,9.058
11266.000,675960.000,9.758
11267.000,676020.000,9.904
11268.000,676080.000,9.631
11269.000,676140.000,9.503
11270.000,676200.000,9.625
11271.000,676260.000,9.137
11272.000,676320.000,9.689
11273.000,676380.000,9.689
11274.000,676440.000,9.537
11275.000,676500.000,9.505
11276.000,676560.000,9.485
11277.000,676620.000,9.302
11278.000,676680.000,9.120
11279.000,676740.000,9.758
11280.000,676800.000,9.873
11281.000,676860.000,9.728
11282.000,676920.000,9.594
11283.000,676980.000,9.517
11284.000,677040.000,9.336
11285.000,677100.000,9.209
11286.000,677160.000,9.801
11287.000,677220.000,9.413
11288.000,677280.000,9.587
11289.000,677340.000,9.704
11290.000,677400.000,9.964
11291.000,677460.000,9.126
11292.000,677520.000,9.041
11293.000,677580.000,9.055
11294.000,677640.000,9.136
11295.000,677700.000,9.948
11296.000,677760.000,9.550
11297.000,677820.000,9.150
11298.000,677880.000,9.180
11299.000,677940.000,9.071
11300.000,678000.000,9.124
11301.000,678060.000,9.609
11302.000,678120.000,9.273
11303.000,678180.000,9.042
11304.000,678240.000,9.394
11305.000,678300.000,9.934
11306.000,678360.000,9.441
11307.000,678420.000,9.210
11308.000,678480.000,9.179
11309.000,678540.000,9.263
11310.000,678600.000,9.076
11311.000,678660.000,9.105
11312.000,678720.000,9.302
11313.000,678780.000,9.054
11314.000,678840.000,9.724
11315.000,678900.000,9.519
11316.000,678960.000,9.396
11317.000,679020.000,9.534
11318.000,679080.000,9.428
11319.000,679140.000,9.482
11320.000,679200.000,9.504
11321.000,679260.000,9.332
11322.000,679320.000,9.709
11323.000,679380.000,9.453
11324.000,679440.000,9.757
11325.000,679500.000,9.370
11326.000,679560.000,9.565
11327.000,679620.000,9.412
11328.000,679680.000,9.679
11329.000,679740.000,9.535
11330.000,679800.000,9.404
11331.000,679860.000,9.648
11332.000,679920.000,9.329
11333.000,679980.000,9.263
11334.000,680040.000,9.611
11335.000,680100.000,9.424
11336.000,680160.000,9.203
11337.000,680220.000,9.913
11338.000,680280.000,9.098
11339.000,680340.000,9.335
11340.000,680400.000,9.026
11341.000,680460.000,9.740
11342.000,680520.000,9.884
11343.000,680580.000,9.043
11344.000,680640.000,9.275
11345.000,680700.000,9.782
11346.000,680760.000,9.903
11347.000,680820.000,9.036
11348.000,680880.000,9.115
11349.000,680940.000,9.158
11350.000,681000.000,9.842
11351.000,681060.000,9.023
11352.000,681120.000,9.342
11353.000,681180.000,9.131
11354.000,681240.000,9.952
11355.000,681300.000,9.781
11356.000,681360.000,9.230
11357.000,681420.000,9.950
11358.000,681480.000,9.514
11359.000,681540.000,9.151
11360.000,681600.000,9.245
11361.000,681660.000,9.679
11362.000,681720.000,9.838
11363.000,681780.000,9.085
11364.000,681840.000,9.316
11365.000,681900.000,9.203
11366.000,681960.000,9.798
11367.000,682020.000,9.985
11368.000,682080.000,9.313
11369.000,682140.000,9.626
11370.000,682200.000,9.199
11371.000,682260.000,9.324
11372.000,682320.000,9.522
11373.000,682380.000,9.101
11374.000,682440.000,9.411
11375.000,682500.000,9.207
11376.000,682560.000,9.280
11377.000,682620.000,9.453
11378.000,682680.000,9.412
11379.000,682740.000,9.502
11380.000,682800.000,9.712
11381.000,682860.000,9.292
11382.000,682920.000,9.059
11383.000,682980.000,9.813
11384.000,683040.000,9.535
11385.000,683100.000,9.952
11386.000,683160.000,9.463
11387.000,683220.000,9.312
11388.000,683280.000,9.176
11389.000,683340.000,9.051
11390.000,683400.000,9.704
11391.000,683460.000,9.171
11392.000,683520.000,9.564
11393.000,683580.000,9.427
11394.000,683640.000,9.543
11395.000,683700.000,9.958
11396.000,683760.000,9.414
11397.000,683820.000,9.266
11398.000,683880.000,9.084
11399.000,683940.000,9.698
11400.000,684000.000,9.377
11401.000,684060.000,9.983
11402.000,684120.000,9.538
11403.000,684180.000,9.317
11404.000,684240.000,9.236
11405.000,684300.000,9.046
11406.000,684360.000,9.408
11407.000,684420.000,9.904
11408.000,684480.000,9.618
11409.000,684540.000,9.594
11410.000,684600.000,9.142
11411.000,684660.000,9.979
11412.000,684720.000,9.048
11413.000,684780.000,9.886
11414.000,684840.000,9.522
11415.000,684900.000,9.236
11416.000,684960.000,9.333
11417.000,685020.000,9.969
11418.000,685080.000,9.930
11419.000,685140.000,9.351
11420.000,685200.000,9.544
11421.000,685260.000,9.575
11422.000,685320.000,9.197
11423.000,685380.000,9.998
11424.000,685440.000,9.214
11425.000,685500.000,9.122
11426.000,685560.000,9.819
11427.000,685620.000,9.278
11428.000,685680.000,9.757
11429.000,685740.000,9.442
11430.000,685800.000,9.736
11431.000,685860.000,9.986
11432.000,685920.000,9.890
11433.000,685980.000,9.940
11434.000,686040.000,9.431
11435.000,686100.000,9.759
11436.000,686160.000,9.274
11437.000,686220.000,9.417
11438.000,686280.000,9.828
11439.000,686340.000,9.338
11440.000,686400.000,9.061
11441.000,686460.000,9.956
11442.000,686520.000,9.117
11443.000,686580.000,9.992
11444.000,686640.000,9.259
11445.000,686700.000,9.876
11446.000,686760.000,9.857
11447.000,686820.000,9.187
11448.000,686880.000,9.284
11449.000,686940.000,9.485
11450.000,687000.000,9.799
11451.000,687060.000,9.009
11452.000,687120.000,9.513
11453.000,687180.000,9.315
11454.000,687240.000,9.516
11455.000,687300.000,9.993
11456.000,687360.000,9.391
11457.000,687420.000,9.595
11458.000,687480.000,9.904
11459.000,687540.000,9.270
11460.000,687600.000,9.870
11461.000,687660.000,9.792
11462.000,687720.000,9.410
11463.000,687780.000,9.270
11464.000,687840.000,9.479
11465.000,687900.000,9.453
11466.000,687960.000,9.051
11467.000,688020.000,9.225
11468.000,688080.000,9.835
11469.000,688140.000,9.405
11470.000,688200.000,9.288
11471.000,688260.000,9.130
11472.000,688320.000,9.391
11473.000,688380.000,9.726
11474.000,688440.000,9.069
11475.000,688500.000,9.615
11476.000,688560.000,9.355
11477.000,688620.000,9.382
11478.000,688680.000,9.730
11479.000,688740.000,9.628
11480.000,688800.000,9.272
11481.000,688860.000,9.581
11482.000,688920.000,9.540
11483.000,688980.000,9.155
11484.000,689040.000,9.491
11485.000,689100.000,9.771
11486.000,689160.000,9.714
11487.000,689220.000,9.983
11488.000,689280.000,9.004
11489.000,689340.000,9.443
11490.000,689400.000,9.318
11491.000,689460.000,9.149
11492.000,689520.000,9.289
11493.000,689580.000,9.217
11494.000,689640.000,9.658
11495.000,689700.000,9.848
11496.000,689760.000,9.735
11497.000,689820.000,9.900
11498.000,689880.000,9.319
11499.000,689940.000,9.620
11500.000,690000.000,9.179
11501.000,690060.000,9.814
11502.000,690120.000,9.909
11503.000,690180.000,9.722
11504.000,690240.000,9.535
11505.000,690300.000,9.446
11506.000,690360.000,9.764
11507.000,690420.000,9.978
11508.000,690480.000,9.992
11509.000,690540.000,9.358
11510.000,690600.000,9.404
11511.000,690660.000,9.998
11512.000,690720.000,9.049
11513.000,690780.000,9.763
11514.000,690840.000,9.675
11515.000,690900.000,9.178
11516.000,690960.000,9.236
11517.000,691020.000,9.606
11518.000,691080.000,9.329
11519.000,691140.000,9.066
11520.000,691200.000,9.607
11521.000,691260.000,9.462
11522.000,691320.000,9.476
11523.000,691380.000,9.256
11524.000,691440.000,9.722
11525.000,691500.000,9.612
11526.000,691560.000,9.849
11527.000,691620.000,9.592
11528.000,691680.000,9.827
11529.000,691740.000,9.846
11530.000,691800.000,9.868
11531.000,691860.000,9.988
11532.000,691920.000,9.190
11533.000,691980.000,9.321
11534.000,692040.000,9.700
11535.000,692100.000,9.172
11536.000,692160.000,9.769
11537.000,692220.000,9.139
11538.000,692280.000,9.591
11539.000,692340.000,9.055
11540.000,692400.000,9.101
11541.000,692460.000,9.404
11542.000,692520.000,9.349
11543.000,692580.000,9.321
11544.000,692640.000,9.030
11545.000,692700.000,9.946
11546.000,692760.000,9.848
11547.000,692820.000,9.862
11548.000,692880.000,9.527
11549.000,692940.000,9.619
11550.000,693000.000,9.435
11551.000,693060.000,9.353
11552.000,693120.000,9.726
11553.000,693180.000,9.928
11554.000,693240.000,9.763
11555.000,693300.000,9.433
11556.000,693360.000,9.610
11557.000,693420.000,9.536
11558.000,693480.000,9.784
11559.000,693540.000,9.190
11560.000,693600.000,9.762
11561.000,693660.000,9.276
11562.000,693720.000,9.479
11563.000,693780.000,9.645
11564.000,693840.000,9.399
11565.000,693900.000,9.648
11566.000,693960.000,9.383
11567.000,694020.000,9.689
11568.000,694080.000,9.484
11569.000,694140.000,9.813
11570.000,694200.000,9.920
11571.000,694260.000,9.772
11572.000,694320.000,9.025
11573.000,694380.000,9.065
11574.000,694440.000,9.243
11575.000,694500.000,9.393
11576.000,694560.000,9.326
11577.000,694620.000,9.767
11578.000,694680.000,9.099
11579.000,694740.000,9.950
11580.000,694800.000,9.735
11581.000,694860.000,9.149
11582.000,694920.000,9.424
11583.000,694980.000,9.971
11584.000,695040.000,9.155
11585.000,695100.000,9.166
11586.000,695160.000,9.958
11587.000,695220.000,9.148
11588.000,695280.000,9.114
11589.000,695340.000,9.156
11590.000,695400.000,9.908
11591.000,695460.000,9.009
11592.000,695520.000,9.105
11593.000,695580.000,9.648
11594.000,695640.000,9.963
11595.000,695700.000,9.447
11596.000,695760.000,9.250
11597.000,695820.000,9.442
11598.000,695880.000,9.604
11599.000,695940.000,9.511
11600.000,696000.000,9.589
11601.000,696060.000,9.655
11602.000,696120.000,9.274
11603.000,696180.000,9.887
11604.000,696240.000,9.946
11605.000,696300.000,9.596
11606.000,696360.000,9.573
11607.000,696420.000,9.636
11608.000,696480.000,9.342
11609.000,696540.000,9.639
11610.000,696600.000,9.637
11611.000,696660.000,9.573
11612.000,696720.000,9.666
11613.000,696780.000,9.703
11614.000,696840.000,9.223
11615.000,696900.000,9.078
11616.000,696960.000,9.967
11617.000,697020.000,9.516
11618.000,697080.000,9.636
11619.000,697140.000,9.979
11620.000,697200.000,9.337
11621.000,697260.000,9.210
11622.000,697320.000,9.299
11623.000,697380.000,9.433
11624.000,697440.000,9.403
11625.000,697500.000,9.682
11626.000,697560.000,9.479
11627.000,697620.000,9.504
11628.000,697680.000,9.270
11629.000,697740.000,9.760
11630.000,697800.000,9.052
11631.000,697860.000,9.841
11632.000,697920.000,9.303
11633.000,697980.000,9.389
11634.000,698040.000,9.471
11635.000,698100.000,9.883
11636.000,698160.000,9.035
11637.000,698220.000,9.509
11638.000,698280.000,9.624
11639.000,698340.000,9.742
11640.000,698400.000,9.718
11641.000,698460.000,9.749
11642.000,698520.000,9.491
11643.000,698580.000,9.946
11644.000,698640.000,9.756
11645.000,698700.000,9.309
11646.000,698760.000,9.425
11647.000,698820.000,9.853
11648.000,698880.000,9.734
11649.000,698940.000,9.715
11650.000,699000.000,9.864
11651.000,699060.000,9.366
11652.000,699120.000,9.555
11653.000,699180.000,9.645
11654.000,699240.000,9.073
11655.000,699300.000,9.632
11656.000,699360.000,9.843
11657.000,699420.000,9.748
11658.000,699480.000,9.605
11659.000,699540.000,9.700
11660.000,699600.000,9.962
11661.000,699660.000,9.191
11662.000,699720.000,9.177
11663.000,699780.000,9.338
11664.000,699840.000,9.212
11665.000,699900.000,9.651
11666.000,699960.000,9.019
11667.000,700020.000,9.977
11668.000,700080.000,9.785
11669.000,700140.000,9.994
11670.000,700200.000,9.476
11671.000,700260.000,9.124
11672.000,700320.000,9.609
11673.000,700380.000,9.970
11674.000,700440.000,9.802
11675.000,700500.000,9.097
11676.000,700560.000,9.445
11677.000,700620.000,9.439
11678.000,700680.000,9.367
11679.000,700740.000,9.971
11680.000,700800.000,9.940
11681.000,700860.000,9.936
11682.000,700920.000,9.121
11683.000,700980.000,9.316
11684.000,701040.000,9.902
11685.000,701100.000,9.572
11686.000,701160.000,9.128
11687.000,701220.000,9.010
11688.000,701280.000,9.435
11689.000,701340.000,9.924
11690.000,701400.000,9.483
11691.000,701460.000,9.747
11692.000,701520.000,9.704
11693.000,701580.000,9.251
11694.000,701640.000,9.846
11695.000,701700.000,9.054
11696.000,701760.000,9.310
11697.000,701820.000,9.009
11698.000,701880.000,9.547
11699.000,701940.000,9.610
11700.000,702000.000,9.055
11701.000,702060.000,9.478
11702.000,702120.000,9.306
11703.000,702180.000,9.305
11704.000,702240.000,9.350
11705.000,702300.000,9.780
11706.000,702360.000,9.871
11707.000,702420.000,9.139
11708.000,702480.000,9.306
11709.000,702540.000,9.990
11710.000,702600.000,9.903
11711.000,702660.000,9.947
11712.000,702720.000,9.884
11713.000,702780.000,9.955
11714.000,702840.000,9.640
11715.000,702900.000,9.555
11716.000,702960.000,9.677
11717.000,703020.000,9.913
11718.000,703080.000,9.819
11719.000,703140.000,9.517
11720.000,703200.000,9.638
11721.000,703260.000,9.339
11722.000,703320.000,9.940
11723.000,703380.000,9.149
11724.000,703440.000,9.137
11725.000,703500.000,9.199
11726.000,703560.000,9.509
11727.000,703620.000,9.459
11728.000,703680.000,9.481
11729.000,703740.000,9.050
11730.000,703800.000,9.077
11731.000,703860.000,9.109
11732.000,703920.000,9.091
11733.000,703980.000,9.079
11734.000,704040.000,9.318
11735.000,704100.000,9.527
11736.000,704160.000,9.749
11737.000,704220.000,9.039
11738.000,704280.000,9.915
11739.000,704340.000,9.045
11740.000,704400.000,9.596
11741.000,704460.000,9.695
11742.000,704520.000,9.281
11743.000,704580.000,9.690
11744.000,704640.000,9.091
11745.000,704700.000,9.317
11746.000,704760.000,9.492
11747.000,704820.000,9.240
11748.000,704880.000,9.263
11749.000,704940.000,9.078
11750.000,705000.000,9.070
11751.000,705060.000,9.649
11752.000,705120.000,9.032
11753.000,705180.000,9.167
11754.000,705240.000,9.766
11755.000,705300.000,9.355
11756.000,705360.000,9.287
11757.000,705420.000,9.088
11758.000,705480.000,9.649
11759.000,705540.000,9.337
11760.000,705600.000,9.531
11761.000,705660.000,9.026
11762.000,705720.000,9.118
11763.000,705780.000,9.172
11764.000,705840.000,9.079
11765.000,705900.000,9.502
11766.000,705960.000,9.425
11767.000,706020.000,9.675
11768.000,706080.000,9.149
11769.000,706140.000,9.648
11770.000,706200.000,9.159
11771.000,706260.000,9.608
11772.000,706320.000,9.690
11773.000,706380.000,9.066
11774.000,706440.000,9.880
11775.000,706500.000,9.543
11776.000,706560.000,9.924
11777.000,706620.000,9.812
11778.000,706680.000,9.727
11779.000,706740.000,9.357
11780.000,706800.000,9.949
11781.000,706860.000,9.660
11782.000,706920.000,9.685
11783.000,706980.000,9.027
11784.000,707040.000,9.046
11785.000,707100.000,9.889
11786.000,707160.000,9.541
11787.000,707220.000,9.296
11788.000,707280.000,9.826
11789.000,707340.000,9.591
11790.000,707400.000,9.996
11791.000,707460.000,9.936
11792.000,707520.000,9.774
11793.000,707580.000,9.089
11794.000,707640.000,9.182
11795.000,707700.000,9.980
11796.000,707760.000,9.308
11797.000,707820.000,9.991
11798.000,707880.000,9.067
11799.000,707940.000,9.439
11800.000,708000.000,9.268
11801.000,708060.000,9.958
11802.000,708120.000,9.275
11803.000,708180.000,9.383
11804.000,708240.000,9.047
11805.000,708300.000,9.207
11806.000,708360.000,9.011
11807.000,708420.000,9.396
11808.000,708480.000,9.805
11809.000,708540.000,9.226
11810.000,708600.000,9.867
11811.000,708660.000,9.106
11812.000,708720.000,9.825
11813.000,708780.000,9.361
11814.000,708840.000,9.444
11815.000,708900.000,9.746
11816.000,708960.000,9.729
11817.000,709020.000,9.759
11818.000,709080.000,9.058
11819.000,709140.000,9.836
11820.000,709200.000,9.316
11821.000,709260.000,9.638
11822.000,709320.000,9.120
11823.000,709380.000,9.450
11824.000,709440.000,9.000
11825.000,709500.000,9.685
11826.000,709560.000,9.468
11827.000,709620.000,9.621
11828.000,709680.000,9.890
11829.000,709740.000,9.298
11830.000,709800.000,9.682
11831.000,709860.000,9.180
11832.000,709920.000,10.000
11833.000,709980.000,9.543
11834.000,710040.000,9.976
11835.000,710100.000,9.876
11836.000,710160.000,9.712
11837.000,710220.000,9.123
11838.000,710280.000,9.177
11839.000,710340.000,9.423
11840.000,710400.000,9.224
11841.000,710460.000,9.711
11842.000,710520.000,9.123
11843.000,710580.000,9.250
11844.000,710640.000,9.433
11845.000,710700.000,9.959
11846.000,710760.000,9.035
11847.000,710820.000,9.039
11848.000,710880.000,9.632
11849.000,710940.000,9.340
11850.000,711000.000,9.020
11851.000,711060.000,9.122
11852.000,711120.000,9.376
11853.000,711180.000,9.320
11854.000,711240.000,9.849
11855.000,711300.000,9.537
11856.000,711360.000,9.064
11857.000,711420.000,9.287
11858.000,711480.000,9.370
11859.000,711540.000,9.371
11860.000,711600.000,9.161
11861.000,711660.000,9.949
11862.000,711720.000,9.051
11863.000,711780.000,9.599
11864.000,711840.000,9.997
11865.000,711900.000,9.664
11866.000,711960.000,9.429
11867.000,712020.000,9.462
11868.000,712080.000,9.065
11869.000,712140.000,9.098
11870.000,712200.000,9.968
11871.000,712260.000,9.480
11872.000,712320.000,9.411
11873.000,712380.000,9.603
11874.000,712440.000,9.483
11875.000,712500.000,9.402
11876.000,712560.000,9.543
11877.000,712620.000,9.847
11878.000,712680.000,9.466
11879.000,712740.000,9.992
11880.000,712800.000,9.865
11881.000,712860.000,9.507
11882.000,712920.000,9.568
11883.000,712980.000,9.241
11884.000,713040.000,9.352
11885.000,713100.000,9.402
11886.000,713160.000,9.184
11887.000,713220.000,9.412
11888.000,713280.000,9.001
11889.000,713340.000,9.052
11890.000,713400.000,9.463
11891.000,713460.000,9.171
11892.000,713520.000,9.030
11893.000,713580.000,9.124
11894.000,713640.000,9.091
11895.000,713700.000,9.400
11896.000,713760.000,9.817
11897.000,713820.000,9.125
11898.000,713880.000,9.435
11899.000,713940.000,9.536
11900.000,714000.000,9.409
11901.000,714060.000,9.912
11902.000,714120.000,9.976
11903.000,714180.000,9.608
11904.000,714240.000,9.134
11905.000,714300.000,9.934
11906.000,714360.000,9.894
11907.000,714420.000,9.069
11908.000,714480.000,9.666
11909.000,714540.000,9.119
11910.000,714600.000,9.579
11911.000,714660.000,9.502
11912.000,714720.000,9.871
11913.000,714780.000,9.932
11914.000,714840.000,9.864
11915.000,714900.000,9.129
11916.000,714960.000,9.653
11917.000,715020.000,9.721
11918.000,715080.000,9.152
11919.000,715140.000,9.183
11920.000,715200.000,9.344
11921.000,715260.000,9.443
11922.000,715320.000,9.367
11923.000,715380.000,9.718
11924.000,715440.000,9.512
11925.000,715500.000,9.213
11926.000,715560.000,9.051
11927.000,715620.000,9.702
11928.000,715680.000,9.505
11929.000,715740.000,9.454
11930.000,715800.000,9.799
11931.000,715860.000,9.304
11932.000,715920.000,9.287
11933.000,715980.000,9.846
11934.000,716040.000,9.792
11935.000,716100.000,9.700
11936.000,716160.000,9.639
11937.000,716220.000,9.571
11938.000,716280.000,9.406
11939.000,716340.000,9.157
11940.000,716400.000,9.481
11941.000,716460.000,9.882
11942.000,716520.000,9.606
11943.000,716580.000,9.663
11944.000,716640.000,9.694
11945.000,716700.000,9.341
11946.000,716760.000,9.681
11947.000,716820.000,9.790
11948.000,716880.000,9.725
11949.000,716940.000,9.229
11950.000,717000.000,9.519
11951.000,717060.000,9.862
11952.000,717120.000,9.332
11953.000,717180.000,9.408
11954.000,717240.000,9.653
11955.000,717300.000,9.607
11956.000,717360.000,9.061
11957.000,717420.000,9.197
11958.000,717480.000,9.224
11959.000,717540.000,9.725
11960.000,717600.000,9.815
11961.000,717660.000,9.378
11962.000,717720.000,9.572
11963.000,717780.000,9.023
11964.000,717840.000,9.140
11965.000,717900.000,9.159
11966.000,717960.000,9.368
11967.000,718020.000,9.519
11968.000,718080.000,9.133
11969.000,718140.000,9.597
11970.000,718200.000,9.238
11971.000,718260.000,9.899
11972.000,718320.000,9.184
11973.000,718380.000,9.776
11974.000,718440.000,9.978
11975.000,718500.000,9.082
11976.000,718560.000,9.258
11977.000,718620.000,9.148
11978.000,718680.000,9.812
11979.000,718740.000,9.380
11980.000,718800.000,9.977
11981.000,718860.000,9.105
11982.000,718920.000,9.980
11983.000,718980.000,9.479
11984.000,719040.000,9.085
11985.000,719100.000,9.147
11986.000,719160.000,9.379
11987.000,719220.000,9.605
11988.000,719280.000,9.559
11989.000,719340.000,9.753
11990.000,719400.000,9.134
11991.000,719460.000,9.284
11992.000,719520.000,9.557
11993.000,719580.000,9.141
11994.000,719640.000,9.926
11995.000,719700.000,9.408
11996.000,719760.000,9.413
11997.000,719820.000,9.699
11998.000,719880.000,9.882
11999.000,719940.000,9.334
12000.000,720000.000,9.594
12001.000,720060.000,9.249
12002.000,720120.000,9.410
12003.000,720180.000,9.432
12004.000,720240.000,9.153
12005.000,720300.000,9.865
12006.000,720360.000,9.671
12007.000,720420.000,10.000
12008.000,720480.000,9.376
12009.000,720540.000,9.728
12010.000,720600.000,9.821
12011.000,720660.000,9.170
12012.000,720720.000,9.629
12013.000,720780.000,9.938
12014.000,720840.000,9.271
12015.000,720900.000,9.743
12016.000,720960.000,9.168
12017.000,721020.000,9.229
12018.000,721080.000,9.375
12019.000,721140.000,9.293
12020.000,721200.000,9.399
12021.000,721260.000,9.193
12022.000,721320.000,9.916
12023.000,721380.000,9.981
12024.000,721440.000,9.033
12025.000,721500.000,9.604
12026.000,721560.000,9.108
12027.000,721620.000,9.213
12028.000,721680.000,9.359
12029.000,721740.000,9.836
12030.000,721800.000,9.593
12031.000,721860.000,9.180
12032.000,721920.000,9.676
12033.000,721980.000,9.154
12034.000,722040.000,9.587
12035.000,722100.000,9.286
12036.000,722160.000,9.370
12037.000,722220.000,9.663
12038.000,722280.000,9.061
12039.000,722340.000,9.506
12040.000,722400.000,9.763
12041.000,722460.000,9.041
12042.000,722520.000,9.302
12043.000,722580.000,9.374
12044.000,722640.000,9.340
12045.000,722700.000,9.382
12046.000,722760.000,9.913
12047.000,722820.000,9.558
12048.000,722880.000,9.097
12049.000,722940.000,9.698
12050.000,723000.000,9.687
12051.000,723060.000,9.248
12052.000,723120.000,9.417
12053.000,723180.000,9.202
12054.000,723240.000,9.191
12055.000,723300.000,9.765
12056.000,723360.000,9.952
12057.000,723420.000,9.237
12058.000,723480.000,9.875
12059.000,723540.000,9.651
12060.000,723600.000,9.821
12061.000,723660.000,9.729
12062.000,723720.000,9.534
12063.000,723780.000,9.593
12064.000,723840.000,9.707
12065.000,723900.000,9.841
12066.000,723960.000,9.482
12067.000,724020.000,9.530
12068.000,724080.000,9.593
12069.000,724140.000,9.735
12070.000,724200.000,9.361
12071.000,724260.000,9.698
12072.000,724320.000,9.790
12073.000,724380.000,9.667
12074.000,724440.000,9.499
12075.000,724500.000,9.935
12076.000,724560.000,9.718
12077.000,724620.000,9.666
12078.000,724680.000,9.026
12079.000,724740.000,9.223
12080.000,724800.000,9.965
12081.000,724860.000,9.820
12082.000,724920.000,9.887
12083.000,724980.000,9.914
12084.000,725040.000,9.936
12085.000,725100.000,9.992
12086.000,725160.000,9.452
12087.000,725220.000,9.421
12088.000,725280.000,9.783
12089.000,725340.000,9.926
12090.000,725400.000,9.190
12091.000,725460.000,9.643
12092.000,725520.000,9.710
12093.000,725580.000,9.570
12094.000,725640.000,9.607
12095.000,725700.000,9.813
12096.000,725760.000,9.817
12097.000,725820.000,9.654
12098.000,725880.000,9.038
12099.000,725940.000,9.189
12100.000,726000.000,9.314
12101.000,726060.000,9.792
12102.000,726120.000,9.100
12103.000,726180.000,9.949
12104.000,726240.000,9.630
12105.000,726300.000,9.406
12106.000,726360.000,9.043
12107.000,726420.000,9.411
12108.000,726480.000,9.277
12109.000,726540.000,9.750
12110.000,726600.000,9.012
12111.000,726660.000,9.620
12112.000,726720.000,9.534
12113.000,726780.000,9.000
12114.000,726840.000,9.733
12115.000,726900.000,9.767
12116.000,726960.000,9.114
12117.000,727020.000,9.897
12118.000,727080.000,9.603
12119.000,727140.000,9.578
12120.000,727200.000,9.193
12121.000,727260.000,9.828
12122.000,727320.000,9.626
12123.000,727380.000,9.039
12124.000,727440.000,9.918
12125.000,727500.000,9.770
12126.000,727560.000,9.067
12127.000,727620.000,9.835
12128.000,727680.000,9.312
12129.000,727740.000,9.751
12130.000,727800.000,9.375
12131.000,727860.000,9.102
12132.000,727920.000,9.588
12133.000,727980.000,9.675
12134.000,728040.000,9.936
12135.000,728100.000,9.178
12136.000,728160.000,9.921
12137.000,728220.000,9.993
12138.000,728280.000,9.269
12139.000,728340.000,9.519
12140.000,728400.000,9.134
12141.000,728460.000,9.314
12142.000,728520.000,9.026
12143.000,728580.000,9.787
12144.000,728640.000,9.742
12145.000,728700.000,9.697
12146.000,728760.000,9.208
12147.000,728820.000,9.487
12148.000,728880.000,9.466
12149.000,728940.000,9.158
12150.000,729000.000,9.047
12151.000,729060.000,9.656
12152.000,729120.000,9.660
12153.000,729180.000,9.922
12154.000,729240.000,9.764
12155.000,729300.000,9.929
12156.000,729360.000,9.603
12157.000,729420.000,9.948
12158.000,729480.000,9.994
12159.000,729540.000,9.247
12160.000,729600.000,9.131
12161.000,729660.000,9.165
12162.000,729720.000,9.524
12163.000,729780.000,9.682
12164.000,729840.000,9.220
12165.000,729900.000,9.655
12166.000,729960.000,9.495
12167.000,730020.000,9.150
12168.000,730080.000,9.586
12169.000,730140.000,9.770
12170.000,730200.000,9.616
12171.000,730260.000,9.493
12172.000,730320.000,9.297
12173.000,730380.000,9.018
12174.000,730440.000,9.750
12175.000,730500.000,9.280
12176.000,730560.000,9.345
12177.000,730620.000,9.754
12178.000,730680.000,9.569
12179.000,730740.000,9.498
12180.000,730800.000,9.046
12181.000,730860.000,9.480
12182.000,730920.000,9.239
12183.000,730980.000,9.136
12184.000,731040.000,9.222
12185.000,731100.000,9.672
12186.000,731160.000,9.725
12187.000,731220.000,9.343
12188.000,731280.000,9.530
12189.000,731340.000,9.515
12190.000,731400.000,9.793
12191.000,731460.000,9.117
12192.000,731520.000,9.660
12193.000,731580.000,9.891
12194.000,731640.000,9.273
12195.000,731700.000,9.338
12196.000,731760.000,9.119
12197.000,731820.000,9.742
12198.000,731880.000,9.585
12199.000,731940.000,9.360
12200.000,732000.000,9.609
12201.000,732060.000,9.348
12202.000,732120.000,9.359
12203.000,732180.000,9.088
12204.000,732240.000,9.054
12205.000,732300.000,9.986
12206.000,732360.000,9.701
12207.000,732420.000,9.857
12208.000,732480.000,9.229
12209.000,732540.000,9.633
12210.000,732600.000,9.068
12211.000,732660.000,9.408
12212.000,732720.000,9.991
12213.000,732780.000,9.753
12214.000,732840.000,9.399
12215.000,732900.000,9.817
12216.000,732960.000,9.010
12217.000,733020.000,9.458
12218.000,733080.000,9.028
12219.000,733140.000,9.640
12220.000,733200.000,9.411
12221.000,733260.000,9.768
12222.000,733320.000,9.381
12223.000,733380.000,9.031
12224.000,733440.000,9.855
12225.000,733500.000,9.107
12226.000,733560.000,9.517
12227.000,733620.000,9.940
12228.000,733680.000,9.314
12229.000,733740.000,9.516
12230.000,733800.000,9.745
12231.000,733860.000,9.022
12232.000,733920.000,9.615
12233.000,733980.000,9.330
12234.000,734040.000,9.623
12235.000,734100.000,9.480
12236.000,734160.000,9.895
12237.000,734220.000,9.999
12238.000,734280.000,9.729
12239.000,734340.000,9.223
12240.000,734400.000,9.522
12241.000,734460.000,9.226
12242.000,734520.000,9.593
12243.000,734580.000,9.144
12244.000,734640.000,9.346
12245.000,734700.000,9.517
12246.000,734760.000,9.140
12247.000,734820.000,9.006
12248.000,734880.000,9.859
12249.000,734940.000,9.884
12250.000,735000.000,9.654
12251.000,735060.000,9.155
12252.000,735120.000,9.756
12253.000,735180.000,9.233
12254.000,735240.000,9.659
12255.000,735300.000,9.796
12256.000,735360.000,9.235
12257.000,735420.000,9.854
12258.000,735480.000,9.937
12259.000,735540.000,9.324
12260.000,735600.000,9.539
12261.000,735660.000,9.420
12262.000,735720.000,9.072
12263.000,735780.000,9.033
12264.000,735840.000,9.209
12265.000,735900.000,9.619
12266.000,735960.000,9.070
12267.000,736020.000,9.099
12268.000,736080.000,9.608
12269.000,736140.000,9.103
12270.000,736200.000,9.781
12271.000,736260.000,9.432
12272.000,736320.000,9.458
12273.000,736380.000,9.934
12274.000,736440.000,9.980
12275.000,736500.000,9.229
12276.000,736560.000,9.768
12277.000,736620.000,9.511
12278.000,736680.000,9.533
12279.000,736740.000,9.004
12280.000,736800.000,9.246
12281.000,736860.000,9.254
12282.000,736920.000,9.831
12283.000,736980.000,9.688
12284.000,737040.000,9.494
12285.000,737100.000,9.983
12286.000,737160.000,9.918
12287.000,737220.000,9.355
12288.000,737280.000,9.071
12289.000,737340.000,9.040
12290.000,737400.000,9.644
12291.000,737460.000,9.970
12292.000,737520.000,9.582
12293.000,737580.000,9.204
12294.000,737640.000,9.957
12295.000,737700.000,9.516
12296.000,737760.000,9.362
12297.000,737820.000,9.587
12298.000,737880.000,9.743
12299.000,737940.000,9.631
12300.000,738000.000,9.667
12301.000,738060.000,9.481
12302.000,738120.000,9.668
12303.000,738180.000,9.366
12304.000,738240.000,9.361
12305.000,738300.000,9.187
12306.000,738360.000,9.583
12307.000,738420.000,9.574
12308.000,738480.000,9.903
12309.000,738540.000,9.078
12310.000,738600.000,9.577
12311.000,738660.000,9.442
12312.000,738720.000,9.999
12313.000,738780.000,9.791
12314.000,738840.000,9.606
12315.000,738900.000,9.699
12316.000,738960.000,9.934
12317.000,739020.000,9.744
12318.000,739080.000,9.670
12319.000,739140.000,9.130
12320.000,739200.000,9.605
12321.000,739260.000,9.481
12322.000,739320.000,9.392
12323.000,739380.000,9.184
12324.000,739440.000,9.872
12325.000,739500.000,9.689
12326.000,739560.000,9.982
12327.000,739620.000,9.989
12328.000,739680.000,9.895
12329.000,739740.000,9.599
12330.000,739800.000,9.152
12331.000,739860.000,9.384
12332.000,739920.000,9.404
12333.000,739980.000,9.598
12334.000,740040.000,9.403
12335.000,740100.000,9.375
12336.000,740160.000,9.170
12337.000,740220.000,9.654
12338.000,740280.000,9.099
12339.000,740340.000,9.262
12340.000,740400.000,9.326
12341.000,740460.000,9.096
12342.000,740520.000,9.989
12343.000,740580.000,9.481
12344.000,740640.000,9.191
12345.000,740700.000,9.977
12346.000,740760.000,9.786
12347.000,740820.000,9.503
12348.000,740880.000,9.807
12349.000,740940.000,9.381
12350.000,741000.000,9.587
12351.000,741060.000,9.667
12352.000,741120.000,9.811
12353.000,741180.000,9.864
12354.000,741240.000,9.056
12355.000,741300.000,9.639
12356.000,741360.000,9.587
12357.000,741420.000,9.951
12358.000,741480.000,9.433
12359.000,741540.000,9.404
12360.000,741600.000,9.549
12361.000,741660.000,9.345
12362.000,741720.000,9.353
12363.000,741780.000,9.037
12364.000,741840.000,9.345
12365.000,741900.000,9.536
12366.000,741960.000,9.518
12367.000,742020.000,9.626
12368.000,742080.000,9.531
12369.000,742140.000,9.963
12370.000,742200.000,9.367
12371.000,742260.000,9.391
12372.000,742320.000,9.928
12373.000,742380.000,9.464
12374.000,742440.000,9.423
12375.000,742500.000,9.988
12376.000,742560.000,9.868
12377.000,742620.000,9.487
12378.000,742680.000,9.169
12379.000,742740.000,9.188
12380.000,742800.000,9.197
12381.000,742860.000,9.763
12382.000,742920.000,9.808
12383.000,742980.000,9.263
12384.000,743040.000,9.664
12385.000,743100.000,9.770
12386.000,743160.000,9.761
12387.000,743220.000,9.352
12388.000,743280.000,9.637
12389.000,743340.000,9.728
12390.000,743400.000,9.390
12391.000,743460.000,9.087
12392.000,743520.000,9.169
12393.000,743580.000,9.124
12394.000,743640.000,9.522
12395.000,743700.000,9.189
12396.000,743760.000,9.250
12397.000,743820.000,9.361
12398.000,743880.000,9.278
12399.000,743940.000,9.294
12400.000,744000.000,9.829
12401.000,744060.000,9.214
12402.000,744120.000,9.077
12403.000,744180.000,9.249
12404.000,744240.000,9.360
12405.000,744300.000,9.985
12406.000,744360.000,9.407
12407.000,744420.000,9.926
12408.000,744480.000,9.779
12409.000,744540.000,9.495
12410.000,744600.000,9.242
12411.000,744660.000,9.329
12412.000,744720.000,9.743
12413.000,744780.000,9.053
12414.000,744840.000,9.671
12415.000,744900.000,9.440
12416.000,744960.000,9.890
12417.000,745020.000,9.641
12418.000,745080.000,9.474
12419.000,745140.000,9.114
12420.000,745200.000,9.486
12421.000,745260.000,9.869
12422.000,745320.000,9.122
12423.000,745380.000,9.615
12424.000,745440.000,9.742
12425.000,745500.000,9.853
12426.000,745560.000,9.762
12427.000,745620.000,9.070
12428.000,745680.000,9.287
12429.000,745740.000,9.102
12430.000,745800.000,9.534
12431.000,745860.000,9.467
12432.000,745920.000,9.364
12433.000,745980.000,9.163
12434.000,746040.000,9.205
12435.000,746100.000,9.207
12436.000,746160.000,9.652
12437.000,746220.000,9.913
12438.000,746280.000,9.506
12439.000,746340.000,9.835
12440.000,746400.000,9.376
12441.000,746460.000,9.924
12442.000,746520.000,9.979
12443.000,746580.000,9.162
12444.000,746640.000,9.098
12445.000,746700.000,9.502
12446.000,746760.000,9.204
12447.000,746820.000,9.669
12448.000,746880.000,9.467
12449.000,746940.000,9.691
12450.000,747000.000,9.998
12451.000,747060.000,9.426
12452.000,747120.000,9.253
12453.000,747180.000,9.256
12454.000,747240.000,9.975
12455.000,747300.000,9.809
12456.000,747360.000,9.834
12457.000,747420.000,9.871
12458.000,747480.000,9.416
12459.000,747540.000,9.020
12460.000,747600.000,9.001
12461.000,747660.000,9.643
12462.000,747720.000,9.942
12463.000,747780.000,9.113
12464.000,747840.000,9.576
12465.000,747900.000,9.285
12466.000,747960.000,9.290
12467.000,748020.000,9.575
12468.000,748080.000,9.677
12469.000,748140.000,9.248
12470.000,748200.000,9.208
12471.000,748260.000,9.360
12472.000,748320.000,9.607
12473.000,748380.000,9.920
12474.000,748440.000,9.629
12475.000,748500.000,9.611
12476.000,748560.000,9.826
12477.000,748620.000,9.579
12478.000,748680.000,9.997
12479.000,748740.000,9.429
12480.000,748800.000,9.095
12481.000,748860.000,9.488
12482.000,748920.000,9.675
12483.000,748980.000,9.038
12484.000,749040.000,9.594
12485.000,749100.000,9.909
12486.000,749160.000,9.739
12487.000,749220.000,9.758
12488.000,749280.000,9.159
12489.000,749340.000,9.507
12490.000,749400.000,9.580
12491.000,749460.000,9.258
12492.000,749520.000,9.186
12493.000,749580.000,9.012
12494.000,749640.000,9.915
12495.000,749700.000,9.266
12496.000,749760.000,9.329
12497.000,749820.000,9.385
12498.000,749880.000,9.598
12499.000,749940.000,9.569
12500.000,750000.000,9.691
12501.000,750060.000,9.875
12502.000,750120.000,9.038
12503.000,750180.000,9.226
12504.000,750240.000,9.870
12505.000,750300.000,9.341
12506.000,750360.000,9.733
12507.000,750420.000,9.333
12508.000,750480.000,9.704
12509.000,750540.000,9.066
12510.000,750600.000,9.095
12511.000,750660.000,9.301
12512.000,750720.000,9.479
12513.000,750780.000,9.280
12514.000,750840.000,9.469
12515.000,750900.000,9.774
12516.000,750960.000,9.641
12517.000,751020.000,9.764
12518.000,751080.000,9.664
12519.000,751140.000,9.311
12520.000,751200.000,9.033
12521.000,751260.000,9.385
12522.000,751320.000,9.623
12523.000,751380.000,9.983
12524.000,751440.000,9.504
12525.000,751500.000,9.525
12526.000,751560.000,9.040
12527.000,751620.000,9.262
12528.000,751680.000,9.390
12529.000,751740.000,9.072
12530.000,751800.000,9.785
12531.000,751860.000,9.944
12532.000,751920.000,9.369
12533.000,751980.000,9.489
12534.000,752040.000,9.811
12535.000,752100.000,9.119
12536.000,752160.000,9.611
12537.000,752220.000,9.004
12538.000,752280.000,9.649
12539.000,752340.000,9.330
12540.000,752400.000,9.511
12541.000,752460.000,9.104
12542.000,752520.000,9.142
12543.000,752580.000,9.510
12544.000,752640.000,9.488
12545.000,752700.000,9.564
12546.000,752760.000,9.031
12547.000,752820.000,9.538
12548.000,752880.000,9.195
12549.000,752940.000,9.180
12550.000,753000.000,9.216
12551.000,753060.000,9.857
12552.000,753120.000,9.246
12553.000,753180.000,9.851
12554.000,753240.000,9.010
12555.000,753300.000,9.373
12556.000,753360.000,9.587
12557.000,753420.000,9.107
12558.000,753480.000,9.660
12559.000,753540.000,9.143
12560.000,753600.000,9.182
12561.000,753660.000,9.955
12562.000,753720.000,9.196
12563.000,753780.000,9.185
12564.000,753840.000,9.006
12565.000,753900.000,9.092
12566.000,753960.000,9.748
12567.000,754020.000,9.796
12568.000,754080.000,9.443
12569.000,754140.000,9.522
12570.000,754200.000,9.065
12571.000,754260.000,9.772
12572.000,754320.000,9.249
12573.000,754380.000,9.124
12574.000,754440.000,9.210
12575.000,754500.000,9.813
12576.000,754560.000,9.655
12577.000,754620.000,9.745
12578.000,754680.000,9.604
12579.000,754740.000,9.059
12580.000,754800.000,9.040
12581.000,754860.000,9.952
12582.000,754920.000,9.307
12583.000,754980.000,9.172
12584.000,755040.000,9.456
12585.000,755100.000,9.863
12586.000,755160.000,9.624
12587.000,755220.000,9.085
12588.000,755280.000,9.838
12589.000,755340.000,9.989
12590.000,755400.000,9.177
12591.000,755460.000,9.686
12592.000,755520.000,9.544
12593.000,755580.000,9.832
12594.000,755640.000,9.747
12595.000,755700.000,9.512
12596.000,755760.000,9.845
12597.000,755820.000,9.828
12598.000,755880.000,9.165
12599.000,755940.000,9.675
12600.000,756000.000,9.467
12601.000,756060.000,9.284
12602.000,756120.000,9.768
12603.000,756180.000,9.361
12604.000,756240.000,9.516
12605.000,756300.000,9.813
12606.000,756360.000,9.103
12607.000,756420.000,9.965
12608.000,756480.000,9.146
12609.000,756540.000,9.241
12610.000,756600.000,9.292
12611.000,756660.000,9.690
12612.000,756720.000,9.384
12613.000,756780.000,9.964
12614.000,756840.000,9.487
12615.000,756900.000,9.399
12616.000,756960.000,9.492
12617.000,757020.000,9.689
12618.000,757080.000,9.987
12619.000,757140.000,9.736
12620.000,757200.000,9.418
12621.000,757260.000,9.811
12622.000,757320.000,9.734
12623.000,757380.000,9.917
12624.000,757440.000,9.390
12625.000,757500.000,9.067
12626.000,757560.000,9.389
12627.000,757620.000,9.948
12628.000,757680.000,9.139
12629.000,757740.000,9.135
12630.000,757800.000,9.585
12631.000,757860.000,9.391
12632.000,757920.000,9.902
12633.000,757980.000,9.785
12634.000,758040.000,9.599
12635.000,758100.000,9.872
12636.000,758160.000,9.199
12637.000,758220.000,9.104
12638.000,758280.000,9.986
12639.000,758340.000,9.962
12640.000,758400.000,9.577
12641.000,758460.000,9.083
12642.000,758520.000,9.900
12643.000,758580.000,9.415
12644.000,758640.000,9.742
12645.000,758700.000,9.909
12646.000,758760.000,9.283
12647.000,758820.000,9.762
12648.000,758880.000,9.228
12649.000,758940.000,9.576
12650.000,759000.000,9.778
12651.000,759060.000,9.912
12652.000,759120.000,9.600
12653.000,759180.000,9.085
12654.000,759240.000,9.758
12655.000,759300.000,9.818
12656.000,759360.000,9.861
12657.000,759420.000,9.287
12658.000,759480.000,9.698
12659.000,759540.000,9.107
12660.000,759600.000,9.326
12661.000,759660.000,9.318
12662.000,759720.000,9.602
12663.000,759780.000,9.173
12664.000,759840.000,9.906
12665.000,759900.000,9.338
12666.000,759960.000,9.561
12667.000,760020.000,9.106
12668.000,760080.000,9.383
12669.000,760140.000,9.083
12670.000,760200.000,9.953
12671.000,760260.000,9.291
12672.000,760320.000,9.802
12673.000,760380.000,9.771
12674.000,760440.000,9.042
12675.000,760500.000,9.520
12676.000,760560.000,9.247
12677.000,760620.000,9.950
12678.000,760680.000,9.555
12679.000,760740.000,9.989
12680.000,760800.000,9.241
12681.000,760860.000,9.862
12682.000,760920.000,9.670
12683.000,760980.000,9.807
12684.000,761040.000,9.057
12685.000,761100.000,9.042
12686.000,761160.000,9.102
12687.000,761220.000,9.016
12688.000,761280.000,9.678
12689.000,761340.000,9.413
12690.000,761400.000,9.307
12691.000,761460.000,9.541
12692.000,761520.000,9.096
12693.000,761580.000,9.174
12694.000,761640.000,9.709
12695.000,761700.000,9.931
12696.000,761760.000,9.068
12697.000,761820.000,9.531
12698.000,761880.000,9.199
12699.000,761940.000,9.057
12700.000,762000.000,9.943
12701.000,762060.000,9.306
12702.000,762120.000,9.058
12703.000,762180.000,9.978
12704.000,762240.000,9.254
12705.000,762300.000,9.845
12706.000,762360.000,9.783
12707.000,762420.000,9.870
12708.000,762480.000,9.639
12709.000,762540.000,9.732
12710.000,762600.000,9.067
12711.000,762660.000,9.934
12712.000,762720.000,9.866
12713.000,762780.000,9.007
12714.000,762840.000,9.741
12715.000,762900.000,9.580
12716.000,762960.000,9.098
12717.000,763020.000,9.095
12718.000,763080.000,9.160
12719.000,763140.000,9.319
12720.000,763200.000,9.282
12721.000,763260.000,9.043
12722.000,763320.000,9.671
12723.000,763380.000,9.382
12724.000,763440.000,9.872
12725.000,763500.000,9.950
12726.000,763560.000,9.139
12727.000,763620.000,9.085
12728.000,763680.000,9.412
12729.000,763740.000,9.142
12730.000,763800.000,9.642
12731.000,763860.000,9.793
12732.000,763920.000,9.521
12733.000,763980.000,9.538
12734.000,764040.000,9.959
12735.000,764100.000,9.064
12736.000,764160.000,9.224
12737.000,764220.000,9.530
12738.000,764280.000,9.304
12739.000,764340.000,9.316
12740.000,764400.000,9.303
12741.000,764460.000,9.768
12742.000,764520.000,9.528
12743.000,764580.000,9.158
12744.000,764640.000,9.694
12745.000,764700.000,9.861
12746.000,764760.000,9.416
12747.000,764820.000,9.662
12748.000,764880.000,9.818
12749.000,764940.000,9.330
12750.000,765000.000,9.529
12751.000,765060.000,9.036
12752.000,765120.000,9.712
12753.000,765180.000,9.980
12754.000,765240.000,9.320
12755.000,765300.000,9.541
12756.000,765360.000,9.513
12757.000,765420.000,9.575
12758.000,765480.000,9.597
12759.000,765540.000,9.373
12760.000,765600.000,9.467
12761.000,765660.000,9.542
12762.000,765720.000,9.090
12763.000,765780.000,9.205
12764.000,765840.000,9.023
12765.000,765900.000,9.121
12766.000,765960.000,9.229
12767.000,766020.000,9.246
12768.000,766080.000,9.456
12769.000,766140.000,9.485
12770.000,766200.000,9.592
12771.000,766260.000,9.463
12772.000,766320.000,9.174
12773.000,766380.000,9.614
12774.000,766440.000,9.592
12775.000,766500.000,9.136
12776.000,766560.000,9.995
12777.000,766620.000,9.269
12778.000,766680.000,9.656
12779.000,766740.000,9.235
12780.000,766800.000,9.913
12781.000,766860.000,9.365
12782.000,766920.000,9.940
12783.000,766980.000,9.268
12784.000,767040.000,9.470
12785.000,767100.000,9.758
12786.000,767160.000,9.454
12787.000,767220.000,9.159
12788.000,767280.000,9.721
12789.000,767340.000,9.906
12790.000,767400.000,9.441
12791.000,767460.000,9.868
12792.000,767520.000,9.883
12793.000,767580.000,9.870
12794.000,767640.000,9.589
12795.000,767700.000,9.889
12796.000,767760.000,9.226
12797.000,767820.000,9.658
12798.000,767880.000,9.358
12799.000,767940.000,9.251
12800.000,768000.000,9.909
12801.000,768060.000,9.972
12802.000,768120.000,9.103
12803.000,768180.000,9.862
12804.000,768240.000,9.291
12805.000,768300.000,9.504
12806.000,768360.000,9.820
12807.000,768420.000,9.649
12808.000,768480.000,9.289
12809.000,768540.000,9.039
12810.000,768600.000,9.859
12811.000,768660.000,9.216
12812.000,768720.000,9.687
12813.000,768780.000,9.658
12814.000,768840.000,9.252
12815.000,768900.000,9.408
12816.000,768960.000,9.518
12817.000,769020.000,9.144
12818.000,769080.000,9.686
12819.000,769140.000,9.414
12820.000,769200.000,9.608
12821.000,769260.000,9.836
12822.000,769320.000,9.933
12823.000,769380.000,9.498
12824.000,769440.000,9.672
12825.000,769500.000,9.017
12826.000,769560.000,9.796
12827.000,769620.000,9.717
12828.000,769680.000,9.812
12829.000,769740.000,9.407
12830.000,769800.000,9.116
12831.000,769860.000,9.710
12832.000,769920.000,9.549
12833.000,769980.000,9.868
12834.000,770040.000,9.901
12835.000,770100.000,9.110
12836.000,770160.000,9.258
12837.000,770220.000,9.849
12838.000,770280.000,9.736
12839.000,770340.000,9.203
12840.000,770400.000,9.036
12841.000,770460.000,9.042
12842.000,770520.000,9.903
12843.000,770580.000,9.752
12844.000,770640.000,9.693
12845.000,770700.000,9.489
12846.000,770760.000,9.432
12847.000,770820.000,9.432
12848.000,770880.000,9.170
12849.000,770940.000,9.386
12850.000,771000.000,9.846
12851.000,771060.000,9.112
12852.000,771120.000,9.704
12853.000,771180.000,9.131
12854.000,771240.000,9.417
12855.000,771300.000,9.934
12856.000,771360.000,9.331
12857.000,771420.000,9.194
12858.000,771480.000,9.059
12859.000,771540.000,9.248
12860.000,771600.000,9.719
12861.000,771660.000,9.229
12862.000,771720.000,9.014
12863.000,771780.000,9.719
12864.000,771840.000,9.618
12865.000,771900.000,9.488
12866.000,771960.000,9.072
12867.000,772020.000,9.412
12868.000,772080.000,9.758
12869.000,772140.000,9.025
12870.000,772200.000,9.117
12871.000,772260.000,9.037
12872.000,772320.000,9.558
12873.000,772380.000,9.740
12874.000,772440.000,9.413
12875.000,772500.000,9.903
12876.000,772560.000,9.211
12877.000,772620.000,9.841
12878.000,772680.000,9.519
12879.000,772740.000,9.371
12880.000,772800.000,9.592
12881.000,772860.000,9.460
12882.000,772920.000,9.774
12883.000,772980.000,9.502
12884.000,773040.000,9.015
12885.000,773100.000,9.341
12886.000,773160.000,9.480
12887.000,773220.000,9.465
12888.000,773280.000,9.792
12889.000,773340.000,9.653
12890.000,773400.000,9.595
12891.000,773460.000,9.219
12892.000,773520.000,9.015
12893.000,773580.000,9.717
12894.000,773640.000,9.804
12895.000,773700.000,9.305
12896.000,773760.000,9.913
12897.000,773820.000,9.718
12898.000,773880.000,9.355
12899.000,773940.000,9.609
12900.000,774000.000,9.594
12901.000,774060.000,9.238
12902.000,774120.000,9.876
12903.000,774180.000,9.503
12904.000,774240.000,9.863
12905.000,774300.000,9.006
12906.000,774360.000,9.434
12907.000,774420.000,9.885
12908.000,774480.000,9.524
12909.000,774540.000,9.550
12910.000,774600.000,9.942
12911.000,774660.000,9.651
12912.000,774720.000,9.342
12913.000,774780.000,9.282
12914.000,774840.000,9.105
12915.000,774900.000,9.584
12916.000,774960.000,9.628
12917.000,775020.000,9.196
12918.000,775080.000,9.711
12919.000,775140.000,9.269
12920.000,775200.000,9.951
12921.000,775260.000,9.651
12922.000,775320.000,9.083
12923.000,775380.000,9.362
12924.000,775440.000,9.597
12925.000,775500.000,9.095
12926.000,775560.000,9.953
12927.000,775620.000,9.014
12928.000,775680.000,9.332
12929.000,775740.000,9.930
12930.000,775800.000,9.636
12931.000,775860.000,9.108
12932.000,775920.000,9.712
12933.000,775980.000,9.577
12934.000,776040.000,9.424
12935.000,776100.000,9.998
12936.000,776160.000,9.974
12937.000,776220.000,9.337
12938.000,776280.000,9.674
12939.000,776340.000,9.999
12940.000,776400.000,9.933
12941.000,776460.000,9.503
12942.000,776520.000,9.063
12943.000,776580.000,9.466
12944.000,776640.000,9.530
12945.000,776700.000,9.842
12946.000,776760.000,9.461
12947.000,776820.000,9.063
12948.000,776880.000,9.196
12949.000,776940.000,9.082
12950.000,777000.000,9.790
12951.000,777060.000,9.381
12952.000,777120.000,9.856
12953.000,777180.000,9.779
12954.000,777240.000,9.923
12955.000,777300.000,9.163
12956.000,777360.000,9.144
12957.000,777420.000,9.735
12958.000,777480.000,9.973
12959.000,777540.000,9.797
12960.000,777600.000,9.727
12961.000,777660.000,9.972
12962.000,777720.000,9.620
12963.000,777780.000,9.363
12964.000,777840.000,9.224
12965.000,777900.000,9.746
12966.000,777960.000,9.580
12967.000,778020.000,9.495
12968.000,778080.000,9.886
12969.000,778140.000,9.950
12970.000,778200.000,9.884
12971.000,778260.000,9.616
12972.000,778320.000,9.143
12973.000,778380.000,9.321
12974.000,778440.000,9.353
12975.000,778500.000,9.678
12976.000,778560.000,9.557
12977.000,778620.000,9.282
12978.000,778680.000,9.120
12979.000,778740.000,9.708
12980.000,778800.000,9.127
12981.000,778860.000,9.725
12982.000,778920.000,9.728
12983.000,778980.000,9.281
12984.000,779040.000,9.729
12985.000,779100.000,9.413
12986.000,779160.000,9.237
12987.000,779220.000,9.910
12988.000,779280.000,9.313
12989.000,779340.000,9.534
12990.000,779400.000,9.667
12991.000,779460.000,9.645
12992.000,779520.000,9.188
12993.000,779580.000,9.808
12994.000,779640.000,9.288
12995.000,779700.000,9.813
12996.000,779760.000,9.616
12997.000,779820.000,9.962
12998.000,779880.000,9.824
12999.000,779940.000,9.128
13000.000,780000.000,9.739
13001.000,780060.000,9.487
13002.000,780120.000,9.665
13003.000,780180.000,9.607
13004.000,780240.000,9.807
13005.000,780300.000,9.468
13006.000,780360.000,9.922
13007.000,780420.000,9.797
13008.000,780480.000,9.036
13009.000,780540.000,9.688
13010.000,780600.000,9.923
13011.000,780660.000,9.516
13012.000,780720.000,9.540
13013.000,780780.000,9.955
13014.000,780840.000,9.353
13015.000,780900.000,9.425
13016.000,780960.000,9.740
13017.000,781020.000,9.699
13018.000,781080.000,9.112
13019.000,781140.000,9.310
13020.000,781200.000,9.961
13021.000,781260.000,9.233
13022.000,781320.000,9.801
13023.000,781380.000,9.102
13024.000,781440.000,9.107
13025.000,781500.000,9.730
13026.000,781560.000,9.143
13027.000,781620.000,9.103
13028.000,781680.000,9.426
13029.000,781740.000,9.914
13030.000,781800.000,9.159
13031.000,781860.000,9.178
13032.000,781920.000,9.359
13033.000,781980.000,9.012
13034.000,782040.000,9.383
13035.000,782100.000,9.594
13036.000,782160.000,9.812
13037.000,782220.000,9.855
13038.000,782280.000,9.741
13039.000,782340.000,9.642
13040.000,782400.000,9.939
13041.000,782460.000,9.471
13042.000,782520.000,9.003
13043.000,782580.000,9.190
13044.000,782640.000,9.540
13045.000,782700.000,9.951
13046.000,782760.000,9.083
13047.000,782820.000,9.555
13048.000,782880.000,9.651
13049.000,782940.000,9.744
13050.000,783000.000,9.389
13051.000,783060.000,9.661
13052.000,783120.000,9.171
13053.000,783180.000,9.805
13054.000,783240.000,9.587
13055.000,783300.000,9.309
13056.000,783360.000,9.934
13057.000,783420.000,9.381
13058.000,783480.000,9.327
13059.000,783540.000,9.360
13060.000,783600.000,9.406
13061.000,783660.000,9.575
13062.000,783720.000,9.982
13063.000,783780.000,9.184
13064.000,783840.000,9.980
13065.000,783900.000,9.486
13066.000,783960.000,9.658
13067.000,784020.000,9.784
13068.000,784080.000,9.703
13069.000,784140.000,9.282
13070.000,784200.000,9.473
13071.000,784260.000,9.935
13072.000,784320.000,9.691
13073.000,784380.000,9.307
13074.000,784440.000,9.102
13075.000,784500.000,9.657
13076.000,784560.000,9.494
13077.000,784620.000,9.538
13078.000,784680.000,9.839
13079.000,784740.000,9.423
13080.000,784800.000,9.821
13081.000,784860.000,9.664
13082.000,784920.000,9.613
13083.000,784980.000,9.918
13084.000,785040.000,9.811
13085.000,785100.000,9.270
13086.000,785160.000,9.332
13087.000,785220.000,9.892
13088.000,785280.000,9.094
13089.000,785340.000,9.119
13090.000,785400.000,9.565
13091.000,785460.000,9.263
13092.000,785520.000,9.681
13093.000,785580.000,9.495
13094.000,785640.000,9.468
13095.000,785700.000,9.229
13096.000,785760.000,9.957
13097.000,785820.000,9.522
13098.000,785880.000,9.933
13099.000,785940.000,9.259
13100.000,786000.000,9.896
13101.000,786060.000,9.040
13102.000,786120.000,9.781
13103.000,786180.000,9.515
13104.000,786240.000,9.572
13105.000,786300.000,9.992
13106.000,786360.000,9.891
13107.000,786420.000,9.679
13108.000,786480.000,9.427
13109.000,786540.000,9.044
13110.000,786600.000,9.733
13111.000,786660.000,9.553
13112.000,786720.000,9.663
13113.000,786780.000,9.619
13114.000,786840.000,9.450
13115.000,786900.000,9.391
13116.000,786960.000,9.312
13117.000,787020.000,9.650
13118.000,787080.000,9.016
13119.000,787140.000,9.356
13120.000,787200.000,9.901
13121.000,787260.000,9.864
13122.000,787320.000,9.460
13123.000,787380.000,9.887
13124.000,787440.000,9.807
13125.000,787500.000,9.216
13126.000,787560.000,9.459
13127.000,787620.000,9.462
13128.000,787680.000,9.558
13129.000,787740.000,9.550
13130.000,787800.000,9.264
13131.000,787860.000,9.059
13132.000,787920.000,9.139
13133.000,787980.000,9.521
13134.000,788040.000,9.221
13135.000,788100.000,9.919
13136.000,788160.000,9.176
13137.000,788220.000,9.793
13138.000,788280.000,9.924
13139.000,788340.000,9.127
13140.000,788400.000,9.587
13141.000,788460.000,9.652
13142.000,788520.000,9.940
13143.000,788580.000,9.585
13144.000,788640.000,9.095
13145.000,788700.000,9.598
13146.000,788760.000,9.875
13147.000,788820.000,9.654
13148.000,788880.000,9.238
13149.000,788940.000,9.599
13150.000,789000.000,9.232
13151.000,789060.000,9.695
13152.000,789120.000,9.898
13153.000,789180.000,9.936
13154.000,789240.000,9.022
13155.000,789300.000,9.359
13156.000,789360.000,9.873
13157.000,789420.000,9.649
13158.000,789480.000,9.675
13159.000,789540.000,9.935
13160.000,789600.000,9.487
13161.000,789660.000,9.651
13162.000,789720.000,9.919
13163.000,789780.000,9.660
13164.000,789840.000,9.073
13165.000,789900.000,9.286
13166.000,789960.000,9.078
13167.000,790020.000,9.282
13168.000,790080.000,9.511
13169.000,790140.000,9.704
13170.000,790200.000,9.696
13171.000,790260.000,9.187
13172.000,790320.000,9.862
13173.000,790380.000,9.453
13174.000,790440.000,9.894
13175.000,790500.000,9.900
13176.000,790560.000,9.127
13177.000,790620.000,9.529
13178.000,790680.000,9.813
13179.000,790740.000,9.353
13180.000,790800.000,9.046
13181.000,790860.000,9.642
13182.000,790920.000,9.462
13183.000,790980.000,9.200
13184.000,791040.000,9.188
13185.000,791100.000,9.169
13186.000,791160.000,9.033
13187.000,791220.000,9.941
13188.000,791280.000,9.669
13189.000,791340.000,9.837
13190.000,791400.000,9.996
13191.000,791460.000,9.083
13192.000,791520.000,9.032
13193.000,791580.000,9.076
13194.000,791640.000,9.969
13195.000,791700.000,9.940
13196.000,791760.000,9.893
13197.000,791820.000,9.946
13198.000,791880.000,9.597
13199.000,791940.000,9.376
13200.000,792000.000,9.575
13201.000,792060.000,9.468
13202.000,792120.000,9.822
13203.000,792180.000,9.204
13204.000,792240.000,9.838
13205.000,792300.000,9.328
13206.000,792360.000,9.151
13207.000,792420.000,9.405
13208.000,792480.000,9.603
13209.000,792540.000,9.562
13210.000,792600.000,9.205
13211.000,792660.000,9.615
13212.000,792720.000,9.275
13213.000,792780.000,9.951
13214.000,792840.000,9.727
13215.000,792900.000,9.349
13216.000,792960.000,9.636
13217.000,793020.000,9.912
13218.000,793080.000,9.426
13219.000,793140.000,9.591
13220.000,793200.000,9.112
13221.000,793260.000,9.578
13222.000,793320.000,9.879
13223.000,793380.000,9.651
13224.000,793440.000,9.310
13225.000,793500.000,9.442
13226.000,793560.000,9.834
13227.000,793620.000,9.539
13228.000,793680.000,9.114
13229.000,793740.000,9.605
13230.000,793800.000,9.863
13231.000,793860.000,9.616
13232.000,793920.000,9.490
13233.000,793980.000,9.634
13234.000,794040.000,9.829
13235.000,794100.000,9.523
13236.000,794160.000,9.407
13237.000,794220.000,9.390
13238.000,794280.000,9.212
13239.000,794340.000,9.271
13240.000,794400.000,9.363
13241.000,794460.000,9.834
13242.000,794520.000,9.350
13243.000,794580.000,9.733
13244.000,794640.000,9.724
13245.000,794700.000,9.173
13246.000,794760.000,9.909
13247.000,794820.000,9.196
13248.000,794880.000,9.396
13249.000,794940.000,9.852
13250.000,795000.000,9.782
13251.000,795060.000,9.724
13252.000,795120.000,9.757
13253.000,795180.000,9.661
13254.000,795240.000,9.637
13255.000,795300.000,9.414
13256.000,795360.000,9.351
13257.000,795420.000,9.503
13258.000,795480.000,9.269
13259.000,795540.000,9.517
13260.000,795600.000,9.728
13261.000,795660.000,9.234
13262.000,795720.000,9.468
13263.000,795780.000,9.568
13264.000,795840.000,9.044
13265.000,795900.000,9.079
13266.000,795960.000,9.711
13267.000,796020.000,9.704
13268.000,796080.000,9.626
13269.000,796140.000,9.380
13270.000,796200.000,9.496
13271.000,796260.000,9.048
13272.000,796320.000,9.098
13273.000,796380.000,9.358
13274.000,796440.000,9.042
13275.000,796500.000,9.035
13276.000,796560.000,9.179
13277.000,796620.000,9.936
13278.000,796680.000,9.042
13279.000,796740.000,9.905
13280.000,796800.000,9.644
13281.000,796860.000,9.570
13282.000,796920.000,9.589
13283.000,796980.000,9.503
13284.000,797040.000,9.764
13285.000,797100.000,9.874
13286.000,797160.000,9.689
13287.000,797220.000,9.389
13288.000,797280.000,9.387
13289.000,797340.000,9.796
13290.000,797400.000,9.966
13291.000,797460.000,9.300
13292.000,797520.000,9.948
13293.000,797580.000,9.659
13294.000,797640.000,9.527
13295.000,797700.000,9.897
13296.000,797760.000,9.734
13297.000,797820.000,9.460
13298.000,797880.000,9.024
13299.000,797940.000,9.428
13300.000,798000.000,9.033
13301.000,798060.000,9.153
13302.000,798120.000,9.601
13303.000,798180.000,9.437
13304.000,798240.000,9.776
13305.000,798300.000,9.831
13306.000,798360.000,9.629
13307.000,798420.000,9.918
13308.000,798480.000,9.702
13309.000,798540.000,9.841
13310.000,798600.000,9.795
13311.000,798660.000,9.306
13312.000,798720.000,9.518
13313.000,798780.000,9.614
13314.000,798840.000,9.256
13315.000,798900.000,9.548
13316.000,798960.000,9.779
13317.000,799020.000,9.573
13318.000,799080.000,9.802
13319.000,799140.000,9.881
13320.000,799200.000,9.095
13321.000,799260.000,9.053
13322.000,799320.000,9.019
13323.000,799380.000,9.973
13324.000,799440.000,9.551
13325.000,799500.000,9.769
13326.000,799560.000,9.140
13327.000,799620.000,9.624
13328.000,799680.000,9.702
13329.000,799740.000,9.115
13330.000,799800.000,9.926
13331.000,799860.000,9.570
13332.000,799920.000,9.011
13333.000,799980.000,9.541
13334.000,800040.000,9.397
13335.000,800100.000,9.953
13336.000,800160.000,9.795
13337.000,800220.000,9.593
13338.000,800280.000,9.668
13339.000,800340.000,9.368
13340.000,800400.000,9.096
13341.000,800460.000,9.691
13342.000,800520.000,9.662
13343.000,800580.000,9.352
13344.000,800640.000,9.470
13345.000,800700.000,9.361
13346.000,800760.000,9.232
13347.000,800820.000,9.600
13348.000,800880.000,9.659
13349.000,800940.000,9.642
13350.000,801000.000,9.700
13351.000,801060.000,9.988
13352.000,801120.000,9.980
13353.000,801180.000,9.492
13354.000,801240.000,9.602
13355.000,801300.000,9.202
13356.000,801360.000,9.065
13357.000,801420.000,9.814
13358.000,801480.000,9.235
13359.000,801540.000,9.896
13360.000,801600.000,9.799
13361.000,801660.000,9.839
13362.000,801720.000,9.681
13363.000,801780.000,9.945
13364.000,801840.000,9.322
13365.000,801900.000,9.382
13366.000,801960.000,9.774
13367.000,802020.000,9.291
13368.000,802080.000,9.591
13369.000,802140.000,9.271
13370.000,802200.000,9.569
13371.000,802260.000,9.210
13372.000,802320.000,9.550
13373.000,802380.000,9.108
13374.000,802440.000,9.739
13375.000,802500.000,9.031
13376.000,802560.000,9.082
13377.000,802620.000,9.265
13378.000,802680.000,9.823
13379.000,802740.000,9.056
13380.000,802800.000,9.587
13381.000,802860.000,9.207
13382.000,802920.000,9.549
13383.000,802980.000,9.685
13384.000,803040.000,9.250
13385.000,803100.000,9.749
13386.000,803160.000,9.727
13387.000,803220.000,9.126
13388.000,803280.000,9.314
13389.000,803340.000,9.981
13390.000,803400.000,9.776
13391.000,803460.000,9.986
13392.000,803520.000,9.360
13393.000,803580.000,9.269
13394.000,803640.000,9.875
13395.000,803700.000,9.322
13396.000,803760.000,9.804
13397.000,803820.000,9.641
13398.000,803880.000,9.556
13399.000,803940.000,9.915
13400.000,804000.000,9.448
13401.000,804060.000,9.092
13402.000,804120.000,9.660
13403.000,804180.000,9.566
13404.000,804240.000,9.578
13405.000,804300.000,9.457
13406.000,804360.000,9.297
13407.000,804420.000,9.552
13408.000,804480.000,9.160
13409.000,804540.000,9.455
13410.000,804600.000,9.967
13411.000,804660.000,9.124
13412.000,804720.000,9.238
13413.000,804780.000,9.880
13414.000,804840.000,9.409
13415.000,804900.000,9.518
13416.000,804960.000,9.013
13417.000,805020.000,9.797
13418.000,805080.000,9.880
13419.000,805140.000,9.610
13420.000,805200.000,9.866
13421.000,805260.000,9.560
13422.000,805320.000,9.001
13423.000,805380.000,9.363
13424.000,805440.000,9.170
13425.000,805500.000,9.925
13426.000,805560.000,9.917
13427.000,805620.000,9.244
13428.000,805680.000,9.015
13429.000,805740.000,9.825
13430.000,805800.000,9.931
13431.000,805860.000,9.799
13432.000,805920.000,9.203
13433.000,805980.000,9.168
13434.000,806040.000,9.935
13435.000,806100.000,9.577
13436.000,806160.000,9.225
13437.000,806220.000,9.647
13438.000,806280.000,9.340
13439.000,806340.000,9.763
13440.000,806400.000,9.473
13441.000,806460.000,9.066
13442.000,806520.000,9.233
13443.000,806580.000,9.569
13444.000,806640.000,9.660
13445.000,806700.000,9.552
13446.000,806760.000,9.496
13447.000,806820.000,9.484
13448.000,806880.000,9.106
13449.000,806940.000,9.084
13450.000,807000.000,9.186
13451.000,807060.000,9.960
13452.000,807120.000,9.636
13453.000,807180.000,9.762
13454.000,807240.000,9.315
13455.000,807300.000,9.465
13456.000,807360.000,9.634
13457.000,807420.000,9.038
13458.000,807480.000,9.480
13459.000,807540.000,9.057
13460.000,807600.000,9.113
13461.000,807660.000,9.287
13462.000,807720.000,9.294
13463.000,807780.000,9.404
13464.000,807840.000,9.719
13465.000,807900.000,9.059
13466.000,807960.000,9.723
13467.000,808020.000,9.284
13468.000,808080.000,9.557
13469.000,808140.000,9.309
13470.000,808200.000,9.919
13471.000,808260.000,9.227
13472.000,808320.000,9.910
13473.000,808380.000,9.467
13474.000,808440.000,9.780
13475.000,808500.000,9.189
13476.000,808560.000,9.672
13477.000,808620.000,9.842
13478.000,808680.000,9.862
13479.000,808740.000,9.253
13480.000,808800.000,9.130
13481.000,808860.000,9.434
13482.000,808920.000,9.700
13483.000,808980.000,9.028
13484.000,809040.000,9.139
13485.000,809100.000,9.042
13486.000,809160.000,9.289
13487.000,809220.000,9.292
13488.000,809280.000,9.789
13489.000,809340.000,9.601
13490.000,809400.000,9.868
13491.000,809460.000,9.369
13492.000,809520.000,9.611
13493.000,809580.000,9.626
13494.000,809640.000,9.049
13495.000,809700.000,9.814
13496.000,809760.000,9.128
13497.000,809820.000,9.916
13498.000,809880.000,9.693
13499.000,809940.000,9.918
13500.000,810000.000,9.213
13501.000,810060.000,9.094
13502.000,810120.000,9.651
13503.000,810180.000,9.804
13504.000,810240.000,9.567
13505.000,810300.000,9.943
13506.000,810360.000,9.749
13507.000,810420.000,9.751
13508.000,810480.000,9.533
13509.000,810540.000,9.341
13510.000,810600.000,9.255
13511.000,810660.000,9.484
13512.000,810720.000,9.827
13513.000,810780.000,9.098
13514.000,810840.000,9.885
13515.000,810900.000,9.435
13516.000,810960.000,9.751
13517.000,811020.000,9.381
13518.000,811080.000,9.820
13519.000,811140.000,9.986
13520.000,811200.000,9.677
13521.000,811260.000,9.496
13522.000,811320.000,9.631
13523.000,811380.000,9.832
13524.000,811440.000,9.192
13525.000,811500.000,9.179
13526.000,811560.000,9.597
13527.000,811620.000,9.046
13528.000,811680.000,9.367
13529.000,811740.000,9.236
13530.000,811800.000,9.921
13531.000,811860.000,9.833
13532.000,811920.000,9.723
13533.000,811980.000,9.747
13534.000,812040.000,9.089
13535.000,812100.000,9.867
13536.000,812160.000,9.218
13537.000,812220.000,9.096
13538.000,812280.000,9.939
13539.000,812340.000,9.651
13540.000,812400.000,9.857
13541.000,812460.000,9.906
13542.000,812520.000,9.025
13543.000,812580.000,9.304
13544.000,812640.000,9.089
13545.000,812700.000,9.781
13546.000,812760.000,9.546
13547.000,812820.000,9.490
13548.000,812880.000,9.069
13549.000,812940.000,9.232
13550.000,813000.000,9.926
13551.000,813060.000,9.199
13552.000,813120.000,9.616
13553.000,813180.000,9.981
13554.000,813240.000,9.825
13555.000,813300.000,9.060
13556.000,813360.000,9.023
13557.000,813420.000,9.458
13558.000,813480.000,9.113
13559.000,813540.000,9.215
13560.000,813600.000,9.813
13561.000,813660.000,9.196
13562.000,813720.000,9.841
13563.000,813780.000,9.769
13564.000,813840.000,9.852
13565.000,813900.000,9.264
13566.000,813960.000,9.950
13567.000,814020.000,9.086
13568.000,814080.000,9.094
13569.000,814140.000,9.269
13570.000,814200.000,9.781
13571.000,814260.000,9.759
13572.000,814320.000,9.583
13573.000,814380.000,9.607
13574.000,814440.000,9.068
13575.000,814500.000,9.213
13576.000,814560.000,9.546
13577.000,814620.000,9.206
13578.000,814680.000,9.082
13579.000,814740.000,9.485
13580.000,814800.000,9.100
13581.000,814860.000,9.298
13582.000,814920.000,9.894
13583.000,814980.000,9.003
13584.000,815040.000,9.009
13585.000,815100.000,9.280
13586.000,815160.000,9.171
13587.000,815220.000,9.643
13588.000,815280.000,9.190
13589.000,815340.000,9.613
13590.000,815400.000,9.368
13591.000,815460.000,9.931
13592.000,815520.000,9.122
13593.000,815580.000,9.474
13594.000,815640.000,9.600
13595.000,815700.000,9.728
13596.000,815760.000,9.515
13597.000,815820.000,9.158
13598.000,815880.000,9.083
13599.000,815940.000,9.228
13600.000,816000.000,9.818
13601.000,816060.000,9.833
13602.000,816120.000,9.500
13603.000,816180.000,9.517
13604.000,816240.000,9.376
13605.000,816300.000,9.655
13606.000,816360.000,9.025
13607.000,816420.000,9.551
13608.000,816480.000,9.532
13609.000,816540.000,9.765
13610.000,816600.000,9.071
13611.000,816660.000,9.613
13612.000,816720.000,9.975
13613.000,816780.000,9.425
13614.000,816840.000,9.379
13615.000,816900.000,9.134
13616.000,816960.000,9.171
13617.000,817020.000,9.664
13618.000,817080.000,9.072
13619.000,817140.000,9.525
13620.000,817200.000,9.946
13621.000,817260.000,9.427
13622.000,817320.000,9.223
13623.000,817380.000,9.769
13624.000,817440.000,9.939
13625.000,817500.000,9.896
13626.000,817560.000,9.864
13627.000,817620.000,9.805
13628.000,817680.000,9.445
13629.000,817740.000,9.676
13630.000,817800.000,9.197
13631.000,817860.000,9.546
13632.000,817920.000,9.577
13633.000,817980.000,9.160
13634.000,818040.000,9.467
13635.000,818100.000,9.025
13636.000,818160.000,9.528
13637.000,818220.000,9.018
13638.000,818280.000,9.841
13639.000,818340.000,9.260
13640.000,818400.000,9.780
13641.000,818460.000,9.781
13642.000,818520.000,9.906
13643.000,818580.000,9.349
13644.000,818640.000,9.644
13645.000,818700.000,9.450
13646.000,818760.000,9.548
13647.000,818820.000,9.901
13648.000,818880.000,9.725
13649.000,818940.000,9.726
13650.000,819000.000,9.116
13651.000,819060.000,9.571
13652.000,819120.000,9.644
13653.000,819180.000,9.933
13654.000,819240.000,9.127
13655.000,819300.000,9.589
13656.000,819360.000,9.827
13657.000,819420.000,9.502
13658.000,819480.000,9.446
13659.000,819540.000,9.028
13660.000,819600.000,9.296
13661.000,819660.000,9.444
13662.000,819720.000,9.911
13663.000,819780.000,9.116
13664.000,819840.000,9.243
13665.000,819900.000,9.143
13666.000,819960.000,9.799
13667.000,820020.000,9.435
13668.000,820080.000,9.071
13669.000,820140.000,9.901
13670.000,820200.000,9.872
13671.000,820260.000,9.624
13672.000,820320.000,9.073
13673.000,820380.000,9.912
13674.000,820440.000,9.196
13675.000,820500.000,9.894
13676.000,820560.000,9.747
13677.000,820620.000,9.766
13678.000,820680.000,9.653
13679.000,820740.000,9.649
13680.000,820800.000,9.150
13681.000,820860.000,9.842
13682.000,820920.000,9.133
13683.000,820980.000,9.752
13684.000,821040.000,9.171
13685.000,821100.000,9.165
13686.000,821160.000,9.884
13687.000,821220.000,9.564
13688.000,821280.000,9.112
13689.000,821340.000,9.009
13690.000,821400.000,9.177
13691.000,821460.000,9.703
13692.000,821520.000,9.105
13693.000,821580.000,9.100
13694.000,821640.000,9.311
13695.000,821700.000,9.493
13696.000,821760.000,9.730
13697.000,821820.000,9.078
13698.000,821880.000,9.424
13699.000,821940.000,9.302
13700.000,822000.000,9.583
13701.000,822060.000,9.246
13702.000,822120.000,9.125
13703.000,822180.000,9.642
13704.000,822240.000,9.953
13705.000,822300.000,9.989
13706.000,822360.000,9.776
13707.000,822420.000,9.195
13708.000,822480.000,9.196
13709.000,822540.000,9.048
13710.000,822600.000,9.843
13711.000,822660.000,9.112
13712.000,822720.000,9.646
13713.000,822780.000,9.546
13714.000,822840.000,9.250
13715.000,822900.000,9.917
13716.000,822960.000,9.156
13717.000,823020.000,9.953
13718.000,823080.000,9.217
13719.000,823140.000,9.428
13720.000,823200.000,9.930
13721.000,823260.000,9.186
13722.000,823320.000,9.450
13723.000,823380.000,9.530
13724.000,823440.000,9.046
13725.000,823500.000,9.335
13726.000,823560.000,9.856
13727.000,823620.000,9.105
13728.000,823680.000,9.838
13729.000,823740.000,9.402
13730.000,823800.000,9.390
13731.000,823860.000,9.218
13732.000,823920.000,9.185
13733.000,823980.000,9.621
13734.000,824040.000,9.147
13735.000,824100.000,9.377
13736.000,824160.000,9.083
13737.000,824220.000,9.568
13738.000,824280.000,9.061
13739.000,824340.000,9.406
13740.000,824400.000,9.062
13741.000,824460.000,9.381
13742.000,824520.000,9.878
13743.000,824580.000,9.214
13744.000,824640.000,9.195
13745.000,824700.000,9.984
13746.000,824760.000,9.864
13747.000,824820.000,9.128
13748.000,824880.000,9.562
13749.000,824940.000,9.520
13750.000,825000.000,9.645
13751.000,825060.000,9.695
13752.000,825120.000,9.678
13753.000,825180.000,9.042
13754.000,825240.000,9.295
13755.000,825300.000,9.822
13756.000,825360.000,9.381
13757.000,825420.000,9.426
13758.000,825480.000,9.766
13759.000,825540.000,9.939
13760.000,825600.000,9.360
13761.000,825660.000,9.649
13762.000,825720.000,9.476
13763.000,825780.000,9.738
13764.000,825840.000,9.654
13765.000,825900.000,9.297
13766.000,825960.000,9.127
13767.000,826020.000,9.419
13768.000,826080.000,9.126
13769.000,826140.000,9.239
13770.000,826200.000,9.962
13771.000,826260.000,9.497
13772.000,826320.000,9.593
13773.000,826380.000,9.713
13774.000,826440.000,9.895
13775.000,826500.000,9.811
13776.000,826560.000,9.236
13777.000,826620.000,9.346
13778.000,826680.000,9.515
13779.000,826740.000,9.177
13780.000,826800.000,9.089
13781.000,826860.000,9.285
13782.000,826920.000,9.719
13783.000,826980.000,9.126
13784.000,827040.000,9.518
13785.000,827100.000,9.688
13786.000,827160.000,9.133
13787.000,827220.000,9.100
13788.000,827280.000,9.453
13789.000,827340.000,9.368
13790.000,827400.000,9.536
13791.000,827460.000,9.820
13792.000,827520.000,9.194
13793.000,827580.000,9.027
13794.000,827640.000,9.831
13795.000,827700.000,9.091
13796.000,827760.000,9.555
13797.000,827820.000,9.010
13798.000,827880.000,9.930
13799.000,827940.000,9.289
13800.000,828000.000,9.417
13801.000,828060.000,9.906
13802.000,828120.000,9.072
13803.000,828180.000,9.141
13804.000,828240.000,9.134
13805.000,828300.000,9.864
13806.000,828360.000,9.232
13807.000,828420.000,9.160
13808.000,828480.000,9.146
13809.000,828540.000,9.750
13810.000,828600.000,9.609
13811.000,828660.000,9.740
13812.000,828720.000,9.527
13813.000,828780.000,9.650
13814.000,828840.000,9.318
13815.000,828900.000,9.804
13816.000,828960.000,9.586
13817.000,829020.000,9.550
13818.000,829080.000,9.760
13819.000,829140.000,9.497
13820.000,829200.000,9.197
13821.000,829260.000,9.841
13822.000,829320.000,9.106
13823.000,829380.000,9.956
13824.000,829440.000,9.036
13825.000,829500.000,9.064
13826.000,829560.000,9.867
13827.000,829620.000,9.790
13828.000,829680.000,9.766
13829.000,829740.000,9.851
13830.000,829800.000,9.684
13831.000,829860.000,9.358
13832.000,829920.000,9.253
13833.000,829980.000,9.340
13834.000,830040.000,9.135
13835.000,830100.000,9.583
13836.000,830160.000,9.167
13837.000,830220.000,9.122
13838.000,830280.000,9.501
13839.000,830340.000,9.326
13840.000,830400.000,9.095
13841.000,830460.000,9.640
13842.000,830520.000,9.378
13843.000,830580.000,9.317
13844.000,830640.000,9.504
13845.000,830700.000,9.557
13846.000,830760.000,9.766
13847.000,830820.000,9.880
13848.000,830880.000,9.474
13849.000,830940.000,9.432
13850.000,831000.000,9.194
13851.000,831060.000,9.442
13852.000,831120.000,9.070
13853.000,831180.000,9.509
13854.000,831240.000,9.392
13855.000,831300.000,9.634
13856.000,831360.000,9.984
13857.000,831420.000,9.599
13858.000,831480.000,9.539
13859.000,831540.000,9.768
13860.000,831600.000,9.720
13861.000,831660.000,9.942
13862.000,831720.000,9.622
13863.000,831780.000,9.937
13864.000,831840.000,9.674
13865.000,831900.000,9.185
13866.000,831960.000,9.404
13867.000,832020.000,9.533
13868.000,832080.000,9.967
13869.000,832140.000,9.369
13870.000,832200.000,9.404
13871.000,832260.000,9.306
13872.000,832320.000,9.277
13873.000,832380.000,9.279
13874.000,832440.000,9.738
13875.000,832500.000,9.222
13876.000,832560.000,9.698
13877.000,832620.000,9.349
13878.000,832680.000,9.699
13879.000,832740.000,9.854
13880.000,832800.000,9.140
13881.000,832860.000,9.474
13882.000,832920.000,9.773
13883.000,832980.000,9.966
13884.000,833040.000,9.889
13885.000,833100.000,9.595
13886.000,833160.000,9.603
13887.000,833220.000,9.245
13888.000,833280.000,9.542
13889.000,833340.000,9.289
13890.000,833400.000,9.023
13891.000,833460.000,9.865
13892.000,833520.000,9.547
13893.000,833580.000,9.884
13894.000,833640.000,9.726
13895.000,833700.000,9.543
13896.000,833760.000,9.204
13897.000,833820.000,9.818
13898.000,833880.000,9.803
13899.000,833940.000,9.637
13900.000,834000.000,9.170
13901.000,834060.000,9.976
13902.000,834120.000,9.912
13903.000,834180.000,9.355
13904.000,834240.000,9.232
13905.000,834300.000,9.382
13906.000,834360.000,9.847
13907.000,834420.000,9.545
13908.000,834480.000,9.678
13909.000,834540.000,9.699
13910.000,834600.000,9.403
13911.000,834660.000,9.199
13912.000,834720.000,9.774
13913.000,834780.000,9.350
13914.000,834840.000,9.203
13915.000,834900.000,9.225
13916.000,834960.000,9.896
13917.000,835020.000,9.802
13918.000,835080.000,9.545
13919.000,835140.000,9.786
13920.000,835200.000,9.983
13921.000,835260.000,9.779
13922.000,835320.000,9.654
13923.000,835380.000,9.692
13924.000,835440.000,9.335
13925.000,835500.000,9.241
13926.000,835560.000,9.608
13927.000,835620.000,9.784
13928.000,835680.000,9.367
13929.000,835740.000,9.245
13930.000,835800.000,9.985
13931.000,835860.000,9.134
13932.000,835920.000,9.932
13933.000,835980.000,9.981
13934.000,836040.000,9.496
13935.000,836100.000,9.214
13936.000,836160.000,9.343
13937.000,836220.000,9.751
13938.000,836280.000,9.069
13939.000,836340.000,9.353
13940.000,836400.000,9.173
13941.000,836460.000,9.992
13942.000,836520.000,9.994
13943.000,836580.000,9.891
13944.000,836640.000,9.913
13945.000,836700.000,9.761
13946.000,836760.000,9.460
13947.000,836820.000,9.709
13948.000,836880.000,9.215
13949.000,836940.000,9.714
13950.000,837000.000,9.225
13951.000,837060.000,9.215
13952.000,837120.000,9.051
13953.000,837180.000,9.449
13954.000,837240.000,9.155
13955.000,837300.000,9.921
13956.000,837360.000,9.643
13957.000,837420.000,9.074
13958.000,837480.000,9.466
13959.000,837540.000,9.923
13960.000,837600.000,9.726
13961.000,837660.000,9.628
13962.000,837720.000,9.871
13963.000,837780.000,9.817
13964.000,837840.000,9.523
13965.000,837900.000,9.736
13966.000,837960.000,9.949
13967.000,838020.000,9.804
13968.000,838080.000,9.582
13969.000,838140.000,9.437
13970.000,838200.000,9.883
13971.000,838260.000,9.777
13972.000,838320.000,9.280
13973.000,838380.000,9.052
13974.000,838440.000,9.823
13975.000,838500.000,9.243
13976.000,838560.000,9.167
13977.000,838620.000,9.776
13978.000,838680.000,9.997
13979.000,838740.000,9.918
13980.000,838800.000,9.161
13981.000,838860.000,9.788
13982.000,838920.000,9.492
13983.000,838980.000,9.302
13984.000,839040.000,9.034
13985.000,839100.000,9.032
13986.000,839160.000,9.684
13987.000,839220.000,9.406
13988.000,839280.000,9.998
13989.000,839340.000,9.100
13990.000,839400.000,9.240
13991.000,839460.000,9.714
13992.000,839520.000,9.578
13993.000,839580.000,9.265
13994.000,839640.000,9.249
13995.000,839700.000,9.904
13996.000,839760.000,9.024
13997.000,839820.000,9.276
13998.000,839880.000,9.059
13999.000,839940.000,9.597
14000.000,840000.000,9.320
14001.000,840060.000,9.490
14002.000,840120.000,6.564
14003.000,840180.000,6.695
14004.000,840240.000,6.798
14005.000,840300.000,6.916
14006.000,840360.000,6.864
14007.000,840420.000,6.134
14008.000,840480.000,6.501
14009.000,840540.000,6.154
14010.000,840600.000,6.143
14011.000,840660.000,6.767
14012.000,840720.000,6.374
14013.000,840780.000,6.745
14014.000,840840.000,6.870
14015.000,840900.000,6.279
14016.000,840960.000,6.227
14017.000,841020.000,6.079
14018.000,841080.000,6.859
14019.000,841140.000,6.364
14020.000,841200.000,6.971
14021.000,841260.000,6.470
14022.000,841320.000,6.063
14023.000,841380.000,6.604
14024.000,841440.000,6.904
14025.000,841500.000,6.866
14026.000,841560.000,6.366
14027.000,841620.000,6.196
14028.000,841680.000,6.605
14029.000,841740.000,6.540
14030.000,841800.000,6.026
14031.000,841860.000,6.068
14032.000,841920.000,6.782
14033.000,841980.000,6.825
14034.000,842040.000,6.209
14035.000,842100.000,6.051
14036.000,842160.000,6.786
14037.000,842220.000,6.817
14038.000,842280.000,6.102
14039.000,842340.000,6.025
14040.000,842400.000,6.538
14041.000,842460.000,6.792
14042.000,842520.000,6.202
14043.000,842580.000,6.250
14044.000,842640.000,6.860
14045.000,842700.000,6.056
14046.000,842760.000,6.084
14047.000,842820.000,6.130
14048.000,842880.000,6.911
14049.000,842940.000,6.558
14050.000,843000.000,6.688
14051.000,843060.000,6.687
14052.000,843120.000,6.044
14053.000,843180.000,6.938
14054.000,843240.000,6.381
14055.000,843300.000,6.783
14056.000,843360.000,6.404
14057.000,843420.000,6.002
14058.000,843480.000,6.617
14059.000,843540.000,6.217
14060.000,843600.000,6.521
14061.000,843660.000,6.942
14062.000,843720.000,6.184
14063.000,843780.000,6.546
14064.000,843840.000,6.116
14065.000,843900.000,6.885
14066.000,843960.000,6.107
14067.000,844020.000,6.927
14068.000,844080.000,6.782
14069.000,844140.000,6.404
14070.000,844200.000,6.370
14071.000,844260.000,6.804
14072.000,844320.000,6.621
14073.000,844380.000,6.317
14074.000,844440.000,6.943
14075.000,844500.000,6.279
14076.000,844560.000,6.561
14077.000,844620.000,6.501
14078.000,844680.000,6.246
14079.000,844740.000,6.328
14080.000,844800.000,6.811
14081.000,844860.000,6.177
14082.000,844920.000,6.138
14083.000,844980.000,6.483
14084.000,845040.000,6.412
14085.000,845100.000,6.324
14086.000,845160.000,6.303
14087.000,845220.000,6.732
14088.000,845280.000,6.103
14089.000,845340.000,6.649
14090.000,845400.000,6.072
14091.000,845460.000,6.330
14092.000,845520.000,6.664
14093.000,845580.000,6.470
14094.000,845640.000,6.947
14095.000,845700.000,6.230
14096.000,845760.000,6.860
14097.000,845820.000,6.704
14098.000,845880.000,6.211
14099.000,845940.000,6.241
14100.000,846000.000,6.269
14101.000,846060.000,6.638
14102.000,846120.000,6.500
14103.000,846180.000,6.640
14104.000,846240.000,6.789
14105.000,846300.000,6.347
14106.000,846360.000,6.488
14107.000,846420.000,6.549
14108.000,846480.000,6.409
14109.000,846540.000,6.952
14110.000,846600.000,6.042
14111.000,846660.000,6.462
14112.000,846720.000,6.858
14113.000,846780.000,6.670
14114.000,846840.000,6.808
14115.000,846900.000,6.459
14116.000,846960.000,6.939
14117.000,847020.000,6.309
14118.000,847080.000,6.637
14119.000,847140.000,6.553
14120.000,847200.000,6.432
14121.000,847260.000,6.233
14122.000,847320.000,6.308
14123.000,847380.000,6.370
14124.000,847440.000,6.447
14125.000,847500.000,6.581
14126.000,847560.000,6.393
14127.000,847620.000,6.625
14128.000,847680.000,6.945
14129.000,847740.000,6.941
14130.000,847800.000,6.040
14131.000,847860.000,6.384
14132.000,847920.000,6.447
14133.000,847980.000,6.994
14134.000,848040.000,6.332
14135.000,848100.000,6.534
14136.000,848160.000,6.069
14137.000,848220.000,6.892
14138.000,848280.000,6.009
14139.000,848340.000,6.230
14140.000,848400.000,6.048
14141.000,848460.000,6.090
14142.000,848520.000,6.151
14143.000,848580.000,6.137
14144.000,848640.000,6.607
14145.000,848700.000,6.189
14146.000,848760.000,6.480
14147.000,848820.000,6.559
14148.000,848880.000,6.414
14149.000,848940.000,6.822
14150.000,849000.000,6.027
14151.000,849060.000,6.408
14152.000,849120.000,6.705
14153.000,849180.000,6.466
14154.000,849240.000,6.161
14155.000,849300.000,6.071
14156.000,849360.000,6.543
14157.000,849420.000,6.602
14158.000,849480.000,6.752
14159.000,849540.000,6.880
14160.000,849600.000,6.735
14161.000,849660.000,6.889
14162.000,849720.000,6.962
14163.000,849780.000,6.906
14164.000,849840.000,6.341
14165.000,849900.000,6.216
14166.000,849960.000,6.161
14167.000,850020.000,6.901
14168.000,850080.000,6.224
14169.000,850140.000,6.183
14170.000,850200.000,6.348
14171.000,850260.000,6.222
14172.000,850320.000,6.968
14173.000,850380.000,6.239
14174.000,850440.000,6.506
14175.000,850500.000,6.560
14176.000,850560.000,6.275
14177.000,850620.000,6.098
14178.000,850680.000,6.955
14179.000,850740.000,6.444
14180.000,850800.000,6.724
14181.000,850860.000,6.646
14182.000,850920.000,6.010
14183.000,850980.000,6.931
14184.000,851040.000,6.921
14185.000,851100.000,6.494
14186.000,851160.000,6.632
14187.000,851220.000,6.526
14188.000,851280.000,6.228
14189.000,851340.000,6.019
14190.000,851400.000,6.202
14191.000,851460.000,6.639
14192.000,851520.000,6.486
14193.000,851580.000,6.617
14194.000,851640.000,6.211
14195.000,851700.000,6.096
14196.000,851760.000,6.503
14197.000,851820.000,6.759
14198.000,851880.000,6.259
14199.000,851940.000,6.267
14200.000,852000.000,6.130
14201.000,852060.000,6.495
14202.000,852120.000,6.327
14203.000,852180.000,6.691
14204.000,852240.000,6.266
14205.000,852300.000,6.212
14206.000,852360.000,6.560
14207.000,852420.000,6.178
14208.000,852480.000,6.217
14209.000,852540.000,6.491
14210.000,852600.000,6.595
14211.000,852660.000,6.225
14212.000,852720.000,6.836
14213.000,852780.000,6.023
14214.000,852840.000,6.786
14215.000,852900.000,6.427
14216.000,852960.000,6.008
14217.000,853020.000,6.325
14218.000,853080.000,6.448
14219.000,853140.000,6.099
14220.000,853200.000,6.392
14221.000,853260.000,6.875
14222.000,853320.000,6.116
14223.000,853380.000,6.864
14224.000,853440.000,6.636
14225.000,853500.000,6.755
14226.000,853560.000,6.929
14227.000,853620.000,6.871
14228.000,853680.000,6.741
14229.000,853740.000,6.213
14230.000,853800.000,6.956
14231.000,853860.000,6.340
14232.000,853920.000,6.274
14233.000,853980.000,6.806
14234.000,854040.000,6.519
14235.000,854100.000,6.996
14236.000,854160.000,6.669
14237.000,854220.000,6.403
14238.000,854280.000,6.567
14239.000,854340.000,6.527
14240.000,854400.000,6.679
14241.000,854460.000,6.373
14242.000,854520.000,6.015
14243.000,854580.000,6.524
14244.000,854640.000,6.383
14245.000,854700.000,6.184
14246.000,854760.000,6.871
14247.000,854820.000,6.326
14248.000,854880.000,6.276
14249.000,854940.000,6.056
14250.000,855000.000,6.441
14251.000,855060.000,6.589
14252.000,855120.000,6.506
14253.000,855180.000,6.661
14254.000,855240.000,6.345
14255.000,855300.000,6.912
14256.000,855360.000,6.681
14257.000,855420.000,6.781
14258.000,855480.000,6.516
14259.000,855540.000,6.901
14260.000,855600.000,6.320
14261.000,855660.000,6.084
14262.000,855720.000,6.909
14263.000,855780.000,6.917
14264.000,855840.000,6.618
14265.000,855900.000,6.864
14266.000,855960.000,6.548
14267.000,856020.000,6.084
14268.000,856080.000,6.119
14269.000,856140.000,6.999
14270.000,856200.000,6.461
14271.000,856260.000,6.736
14272.000,856320.000,6.490
14273.000,856380.000,6.995
14274.000,856440.000,6.963
14275.000,856500.000,6.480
14276.000,856560.000,6.545
14277.000,856620.000,6.775
14278.000,856680.000,6.632
14279.000,856740.000,6.547
14280.000,856800.000,6.947
14281.000,856860.000,6.266
14282.000,856920.000,6.497
14283.000,856980.000,6.014
14284.000,857040.000,6.169
14285.000,857100.000,6.632
14286.000,857160.000,6.295
14287.000,857220.000,6.559
14288.000,857280.000,6.152
14289.000,857340.000,6.722
14290.000,857400.000,6.079
14291.000,857460.000,6.869
14292.000,857520.000,6.761
14293.000,857580.000,6.031
14294.000,857640.000,6.628
14295.000,857700.000,6.877
14296.000,857760.000,6.238
14297.000,857820.000,6.360
14298.000,857880.000,6.437
14299.000,857940.000,6.647
14300.000,858000.000,6.801
14301.000,858060.000,6.795
14302.000,858120.000,6.009
14303.000,858180.000,6.942
14304.000,858240.000,6.663
14305.000,858300.000,6.439
14306.000,858360.000,6.749
14307.000,858420.000,6.924
14308.000,858480.000,6.250
14309.000,858540.000,6.194
14310.000,858600.000,6.932
14311.000,858660.000,6.642
14312.000,858720.000,6.700
14313.000,858780.000,6.691
14314.000,858840.000,6.136
14315.000,858900.000,6.977
14316.000,858960.000,6.030
14317.000,859020.000,6.608
14318.000,859080.000,6.987
14319.000,859140.000,6.491
14320.000,859200.000,6.879
14321.000,859260.000,6.967
14322.000,859320.000,6.239
14323.000,859380.000,6.004
14324.000,859440.000,6.976
14325.000,859500.000,6.807
14326.000,859560.000,6.795
14327.000,859620.000,6.586
14328.000,859680.000,6.430
14329.000,859740.000,6.423
14330.000,859800.000,6.291
14331.000,859860.000,6.211
14332.000,859920.000,6.457
14333.000,859980.000,6.024
14334.000,860040.000,6.115
14335.000,860100.000,6.223
14336.000,860160.000,6.388
14337.000,860220.000,6.242
14338.000,860280.000,6.920
14339.000,860340.000,6.591
14340.000,860400.000,6.690
14341.000,860460.000,6.159
14342.000,860520.000,6.087
14343.000,860580.000,6.164
14344.000,860640.000,6.561
14345.000,860700.000,6.318
14346.000,860760.000,6.717
14347.000,860820.000,6.348
14348.000,860880.000,6.078
14349.000,860940.000,6.911
14350.000,861000.000,6.614
14351.000,861060.000,6.274
14352.000,861120.000,6.293
14353.000,861180.000,6.447
14354.000,861240.000,6.336
14355.000,861300.000,6.256
14356.000,861360.000,6.262
14357.000,861420.000,6.135
14358.000,861480.000,6.449
14359.000,861540.000,6.158
14360.000,861600.000,6.780
14361.000,861660.000,6.545
14362.000,861720.000,6.499
14363.000,861780.000,6.789
14364.000,861840.000,6.361
14365.000,861900.000,6.230
14366.000,861960.000,6.633
14367.000,862020.000,6.085
14368.000,862080.000,6.359
14369.000,862140.000,6.487
14370.000,862200.000,6.117
14371.000,862260.000,6.497
14372.000,862320.000,6.292
14373.000,862380.000,6.291
14374.000,862440.000,6.871
14375.000,862500.000,6.009
14376.000,862560.000,6.053
14377.000,862620.000,6.613
14378.000,862680.000,6.165
14379.000,862740.000,6.167
14380.000,862800.000,6.477
14381.000,862860.000,6.437
14382.000,862920.000,6.183
14383.000,862980.000,6.430
14384.000,863040.000,6.142
14385.000,863100.000,6.366
14386.000,863160.000,6.866
14387.000,863220.000,6.509
14388.000,863280.000,6.102
14389.000,863340.000,6.968
14390.000,863400.000,6.260
14391.000,863460.000,6.851
14392.000,863520.000,6.337
14393.000,863580.000,6.681
14394.000,863640.000,6.922
14395.000,863700.000,6.903
14396.000,863760.000,6.236
14397.000,863820.000,6.290
14398.000,863880.000,6.563
14399.000,863940.000,6.606
14400.000,864000.000,6.816
14401.000,864060.000,6.737
14402.000,864120.000,6.121
14403.000,864180.000,6.119
14404.000,864240.000,6.379
14405.000,864300.000,6.323
14406.000,864360.000,6.777
14407.000,864420.000,6.705
14408.000,864480.000,6.032
14409.000,864540.000,6.243
14410.000,864600.000,6.067
14411.000,864660.000,6.102
14412.000,864720.000,6.176
14413.000,864780.000,6.976
14414.000,864840.000,6.938
14415.000,864900.000,6.715
14416.000,864960.000,6.885
14417.000,865020.000,6.333
14418.000,865080.000,6.723
14419.000,865140.000,6.930
14420.000,865200.000,6.078
14421.000,865260.000,6.976
14422.000,865320.000,6.724
14423.000,865380.000,6.941
14424.000,865440.000,6.338
14425.000,865500.000,6.636
14426.000,865560.000,6.140
14427.000,865620.000,6.533
14428.000,865680.000,6.402
14429.000,865740.000,6.265
14430.000,865800.000,6.653
14431.000,865860.000,6.039
14432.000,865920.000,6.425
14433.000,865980.000,6.360
14434.000,866040.000,6.282
14435.000,866100.000,6.387
14436.000,866160.000,6.303
14437.000,866220.000,6.018
14438.000,866280.000,6.783
14439.000,866340.000,6.688
14440.000,866400.000,6.886
14441.000,866460.000,6.448
14442.000,866520.000,6.367
14443.000,866580.000,6.789
14444.000,866640.000,6.603
14445.000,866700.000,6.914
14446.000,866760.000,6.530
14447.000,866820.000,6.833
14448.000,866880.000,6.078
14449.000,866940.000,6.767
14450.000,867000.000,6.385
14451.000,867060.000,6.209
14452.000,867120.000,6.244
14453.000,867180.000,6.792
14454.000,867240.000,6.888
14455.000,867300.000,6.406
14456.000,867360.000,6.236
14457.000,867420.000,6.035
14458.000,867480.000,6.001
14459.000,867540.000,6.376
14460.000,867600.000,6.804
14461.000,867660.000,6.123
14462.000,867720.000,6.923
14463.000,867780.000,6.324
14464.000,867840.000,6.345
14465.000,867900.000,6.873
14466.000,867960.000,6.400
14467.000,868020.000,6.874
14468.000,868080.000,6.264
14469.000,868140.000,6.028
14470.000,868200.000,6.482
14471.000,868260.000,6.996
14472.000,868320.000,6.689
14473.000,868380.000,6.890
14474.000,868440.000,6.587
14475.000,868500.000,6.293
14476.000,868560.000,6.067
14477.000,868620.000,6.566
14478.000,868680.000,6.745
14479.000,868740.000,6.991
14480.000,868800.000,6.664
14481.000,868860.000,6.409
14482.000,868920.000,6.487
14483.000,868980.000,6.210
14484.000,869040.000,6.765
14485.000,869100.000,6.022
14486.000,869160.000,6.186
14487.000,869220.000,6.201
14488.000,869280.000,6.777
14489.000,869340.000,6.070
14490.000,869400.000,6.353
14491.000,869460.000,6.960
14492.000,869520.000,6.111
14493.000,869580.000,6.076
14494.000,869640.000,6.359
14495.000,869700.000,6.742
14496.000,869760.000,6.781
14497.000,869820.000,6.622
14498.000,869880.000,6.734
14499.000,869940.000,6.204
14500.000,870000.000,6.485
14501.000,870060.000,6.657
14502.000,870120.000,6.156
14503.000,870180.000,6.374
14504.000,870240.000,6.244
14505.000,870300.000,6.556
14506.000,870360.000,6.288
14507.000,870420.000,6.505
14508.000,870480.000,6.346
14509.000,870540.000,6.685
14510.000,870600.000,6.575
14511.000,870660.000,6.585
14512.000,870720.000,6.447
14513.000,870780.000,6.975
14514.000,870840.000,6.918
14515.000,870900.000,6.765
14516.000,870960.000,6.090
14517.000,871020.000,6.782
14518.000,871080.000,6.655
14519.000,871140.000,6.243
14520.000,871200.000,6.992
14521.000,871260.000,6.719
14522.000,871320.000,6.314
14523.000,871380.000,6.895
14524.000,871440.000,6.672
14525.000,871500.000,6.414
14526.000,871560.000,6.838
14527.000,871620.000,6.175
14528.000,871680.000,6.526
14529.000,871740.000,6.152
14530.000,871800.000,6.648
14531.000,871860.000,6.348
14532.000,871920.000,6.141
14533.000,871980.000,6.721
14534.000,872040.000,6.605
14535.000,872100.000,6.531
14536.000,872160.000,6.100
14537.000,872220.000,6.866
14538.000,872280.000,6.176
14539.000,872340.000,6.788
14540.000,872400.000,6.626
14541.000,872460.000,6.452
14542.000,872520.000,6.598
14543.000,872580.000,6.562
14544.000,872640.000,6.847
14545.000,872700.000,6.123
14546.000,872760.000,6.741
14547.000,872820.000,6.743
14548.000,872880.000,6.163
14549.000,872940.000,6.700
14550.000,873000.000,6.282
14551.000,873060.000,6.580
14552.000,873120.000,6.946
14553.000,873180.000,6.950
14554.000,873240.000,6.913
14555.000,873300.000,6.384
14556.000,873360.000,6.315
14557.000,873420.000,6.511
14558.000,873480.000,6.593
14559.000,873540.000,6.761
14560.000,873600.000,6.934
14561.000,873660.000,6.641
14562.000,873720.000,6.536
14563.000,873780.000,6.862
14564.000,873840.000,6.260
14565.000,873900.000,6.539
14566.000,873960.000,6.704
14567.000,874020.000,6.477
14568.000,874080.000,6.304
14569.000,874140.000,6.862
14570.000,874200.000,6.279
14571.000,874260.000,6.298
14572.000,874320.000,6.313
14573.000,874380.000,6.316
14574.000,874440.000,6.350
14575.000,874500.000,6.930
14576.000,874560.000,6.123
14577.000,874620.000,6.408
14578.000,874680.000,6.716
14579.000,874740.000,6.115
14580.000,874800.000,6.044
14581.000,874860.000,6.228
14582.000,874920.000,6.147
14583.000,874980.000,6.585
14584.000,875040.000,6.152
14585.000,875100.000,6.271
14586.000,875160.000,6.332
14587.000,875220.000,6.102
14588.000,875280.000,6.799
14589.000,875340.000,6.536
14590.000,875400.000,6.863
14591.000,875460.000,6.459
14592.000,875520.000,6.839
14593.000,875580.000,6.000
14594.000,875640.000,6.249
14595.000,875700.000,6.068
14596.000,875760.000,6.571
14597.000,875820.000,6.094
14598.000,875880.000,6.021
14599.000,875940.000,6.409
14600.000,876000.000,6.529
14601.000,876060.000,6.784
14602.000,876120.000,6.434
14603.000,876180.000,6.213
14604.000,876240.000,6.047
14605.000,876300.000,6.741
14606.000,876360.000,6.535
14607.000,876420.000,6.564
14608.000,876480.000,6.483
14609.000,876540.000,6.365
14610.000,876600.000,6.968
14611.000,876660.000,6.686
14612.000,876720.000,6.163
14613.000,876780.000,6.580
14614.000,876840.000,6.536
14615.000,876900.000,6.035
14616.000,876960.000,6.957
14617.000,877020.000,6.286
14618.000,877080.000,6.972
14619.000,877140.000,6.606
14620.000,877200.000,6.389
14621.000,877260.000,6.782
14622.000,877320.000,6.100
14623.000,877380.000,6.048
14624.000,877440.000,6.728
14625.000,877500.000,6.046
14626.000,877560.000,6.170
14627.000,877620.000,6.562
14628.000,877680.000,6.840
14629.000,877740.000,6.333
14630.000,877800.000,6.228
14631.000,877860.000,6.602
14632.000,877920.000,6.724
14633.000,877980.000,6.588
14634.000,878040.000,6.216
14635.000,878100.000,6.363
14636.000,878160.000,6.655
14637.000,878220.000,6.678
14638.000,878280.000,6.877
14639.000,878340.000,6.142
14640.000,878400.000,6.951
14641.000,878460.000,6.238
14642.000,878520.000,6.614
14643.000,878580.000,6.267
14644.000,878640.000,6.848
14645.000,878700.000,6.593
14646.000,878760.000,6.869
14647.000,878820.000,6.863
14648.000,878880.000,6.861
14649.000,878940.000,6.076
14650.000,879000.000,6.291
14651.000,879060.000,6.880
14652.000,879120.000,6.885
14653.000,879180.000,6.786
14654.000,879240.000,6.425
14655.000,879300.000,6.555
14656.000,879360.000,6.307
14657.000,879420.000,6.923
14658.000,879480.000,6.720
14659.000,879540.000,6.652
14660.000,879600.000,6.072
14661.000,879660.000,6.015
14662.000,879720.000,6.583
14663.000,879780.000,6.337
14664.000,879840.000,6.529
14665.000,879900.000,6.425
14666.000,879960.000,6.456
14667.000,880020.000,6.355
14668.000,880080.000,6.512
14669.000,880140.000,6.558
14670.000,880200.000,6.535
14671.000,880260.000,6.142
14672.000,880320.000,6.435
14673.000,880380.000,6.228
14674.000,880440.000,6.470
14675.000,880500.000,6.048
14676.000,880560.000,6.501
14677.000,880620.000,6.166
14678.000,880680.000,6.383
14679.000,880740.000,6.616
14680.000,880800.000,6.858
14681.000,880860.000,6.098
14682.000,880920.000,6.376
14683.000,880980.000,6.641
14684.000,881040.000,6.550
14685.000,881100.000,6.378
14686.000,881160.000,6.308
14687.000,881220.000,6.660
14688.000,881280.000,6.706
14689.000,881340.000,6.327
14690.000,881400.000,6.603
14691.000,881460.000,6.398
14692.000,881520.000,6.354
14693.000,881580.000,6.193
14694.000,881640.000,6.989
14695.000,881700.000,6.123
14696.000,881760.000,6.515
14697.000,881820.000,6.573
14698.000,881880.000,6.006
14699.000,881940.000,6.107
14700.000,882000.000,6.913
14701.000,882060.000,6.840
14702.000,882120.000,6.090
14703.000,882180.000,6.386
14704.000,882240.000,6.642
14705.000,882300.000,6.670
14706.000,882360.000,6.921
14707.000,882420.000,6.729
14708.000,882480.000,6.338
14709.000,882540.000,6.653
14710.000,882600.000,6.094
14711.000,882660.000,6.941
14712.000,882720.000,6.487
14713.000,882780.000,6.913
14714.000,882840.000,6.662
14715.000,882900.000,6.849
14716.000,882960.000,6.373
14717.000,883020.000,6.893
14718.000,883080.000,6.332
14719.000,883140.000,6.991
14720.000,883200.000,6.882
14721.000,883260.000,6.809
14722.000,883320.000,6.694
14723.000,883380.000,6.036
14724.000,883440.000,6.153
14725.000,883500.000,6.158
14726.000,883560.000,6.933
14727.000,883620.000,6.775
14728.000,883680.000,6.201
14729.000,883740.000,6.923
14730.000,883800.000,6.895
14731.000,883860.000,6.191
14732.000,883920.000,6.162
14733.000,883980.000,6.633
14734.000,884040.000,6.627
14735.000,884100.000,6.578
14736.000,884160.000,6.501
14737.000,884220.000,6.034
14738.000,884280.000,6.057
14739.000,884340.000,6.701
14740.000,884400.000,6.127
14741.000,884460.000,6.856
14742.000,884520.000,6.733
14743.000,884580.000,6.932
14744.000,884640.000,6.203
14745.000,884700.000,6.270
14746.000,884760.000,6.244
14747.000,884820.000,6.299
14748.000,884880.000,6.224
14749.000,884940.000,6.051
14750.000,885000.000,6.600
14751.000,885060.000,6.213
14752.000,885120.000,6.336
14753.000,885180.000,6.994
14754.000,885240.000,6.951
14755.000,885300.000,6.557
14756.000,885360.000,6.955
14757.000,885420.000,6.178
14758.000,885480.000,6.313
14759.000,885540.000,6.365
14760.000,885600.000,6.678
14761.000,885660.000,6.482
14762.000,885720.000,6.393
14763.000,885780.000,6.585
14764.000,885840.000,6.681
14765.000,885900.000,6.865
14766.000,885960.000,6.182
14767.000,886020.000,6.456
14768.000,886080.000,6.013
14769.000,886140.000,6.316
14770.000,886200.000,6.736
14771.000,886260.000,6.576
14772.000,886320.000,6.230
14773.000,886380.000,6.064
14774.000,886440.000,6.228
14775.000,886500.000,6.652
14776.000,886560.000,6.273
14777.000,886620.000,6.913
14778.000,886680.000,6.550
14779.000,886740.000,6.248
14780.000,886800.000,6.988
14781.000,886860.000,6.229
14782.000,886920.000,6.007
14783.000,886980.000,6.013
14784.000,887040.000,6.288
14785.000,887100.000,6.727
14786.000,887160.000,6.171
14787.000,887220.000,6.384
14788.000,887280.000,6.398
14789.000,887340.000,6.096
14790.000,887400.000,6.007
14791.000,887460.000,6.960
14792.000,887520.000,6.487
14793.000,887580.000,6.735
14794.000,887640.000,6.440
14795.000,887700.000,6.274
14796.000,887760.000,6.096
14797.000,887820.000,6.183
14798.000,887880.000,6.544
14799.000,887940.000,6.670
14800.000,888000.000,6.103
14801.000,888060.000,6.962
14802.000,888120.000,6.148
14803.000,888180.000,6.576
14804.000,888240.000,6.113
14805.000,888300.000,6.531
14806.000,888360.000,6.025
14807.000,888420.000,6.034
14808.000,888480.000,6.782
14809.000,888540.000,6.080
14810.000,888600.000,6.714
14811.000,888660.000,6.291
14812.000,888720.000,6.851
14813.000,888780.000,6.580
14814.000,888840.000,6.628
14815.000,888900.000,6.028
14816.000,888960.000,6.285
14817.000,889020.000,6.439
14818.000,889080.000,6.040
14819.000,889140.000,6.374
14820.000,889200.000,6.398
14821.000,889260.000,6.526
14822.000,889320.000,6.353
14823.000,889380.000,6.281
14824.000,889440.000,6.221
14825.000,889500.000,6.594
14826.000,889560.000,6.358
14827.000,889620.000,6.448
14828.000,889680.000,6.738
14829.000,889740.000,6.480
14830.000,889800.000,6.938
14831.000,889860.000,6.848
14832.000,889920.000,6.013
14833.000,889980.000,6.095
14834.000,890040.000,6.962
14835.000,890100.000,6.255
14836.000,890160.000,6.294
14837.000,890220.000,6.378
14838.000,890280.000,6.431
14839.000,890340.000,6.653
14840.000,890400.000,6.627
14841.000,890460.000,6.769
14842.000,890520.000,6.785
14843.000,890580.000,6.752
14844.000,890640.000,6.543
14845.000,890700.000,6.091
14846.000,890760.000,6.350
14847.000,890820.000,6.039
14848.000,890880.000,6.986
14849.000,890940.000,6.682
14850.000,891000.000,6.328
14851.000,891060.000,6.576
14852.000,891120.000,6.019
14853.000,891180.000,6.566
14854.000,891240.000,6.688
14855.000,891300.000,6.188
14856.000,891360.000,6.145
14857.000,891420.000,6.264
14858.000,891480.000,6.240
14859.000,891540.000,6.451
14860.000,891600.000,6.993
14861.000,891660.000,6.781
14862.000,891720.000,6.332
14863.000,891780.000,6.930
14864.000,891840.000,6.477
14865.000,891900.000,6.294
14866.000,891960.000,6.668
14867.000,892020.000,6.704
14868.000,892080.000,6.867
14869.000,892140.000,6.620
14870.000,892200.000,6.799
14871.000,892260.000,6.693
14872.000,892320.000,6.539
14873.000,892380.000,6.365
14874.000,892440.000,6.894
14875.000,892500.000,6.260
14876.000,892560.000,6.424
14877.000,892620.000,6.931
14878.000,892680.000,6.156
14879.000,892740.000,6.495
14880.000,892800.000,6.705
14881.000,892860.000,6.560
14882.000,892920.000,6.123
14883.000,892980.000,6.948
14884.000,893040.000,6.330
14885.000,893100.000,6.677
14886.000,893160.000,6.960
14887.000,893220.000,6.349
14888.000,893280.000,6.810
14889.000,893340.000,6.334
14890.000,893400.000,6.642
14891.000,893460.000,6.206
14892.000,893520.000,6.947
14893.000,893580.000,6.986
14894.000,893640.000,6.190
14895.000,893700.000,6.296
14896.000,893760.000,6.749
14897.000,893820.000,6.007
14898.000,893880.000,6.341
14899.000,893940.000,6.483
14900.000,894000.000,6.613
14901.000,894060.000,6.967
14902.000,894120.000,6.061
14903.000,894180.000,6.899
14904.000,894240.000,6.184
14905.000,894300.000,6.234
14906.000,894360.000,6.536
14907.000,894420.000,6.104
14908.000,894480.000,6.654
14909.000,894540.000,6.157
14910.000,894600.000,6.640
14911.000,894660.000,6.831
14912.000,894720.000,6.571
14913.000,894780.000,6.283
14914.000,894840.000,6.909
14915.000,894900.000,6.872
14916.000,894960.000,6.120
14917.000,895020.000,6.986
14918.000,895080.000,6.949
14919.000,895140.000,6.888
14920.000,895200.000,6.654
14921.000,895260.000,6.731
14922.000,895320.000,6.370
14923.000,895380.000,6.007
14924.000,895440.000,6.580
14925.000,895500.000,6.861
14926.000,895560.000,6.064
14927.000,895620.000,6.610
14928.000,895680.000,6.871
14929.000,895740.000,6.100
14930.000,895800.000,6.372
14931.000,895860.000,6.556
14932.000,895920.000,6.877
14933.000,895980.000,6.223
14934.000,896040.000,6.640
14935.000,896100.000,6.265
14936.000,896160.000,6.380
14937.000,896220.000,6.829
14938.000,896280.000,6.725
14939.000,896340.000,6.904
14940.000,896400.000,6.764
14941.000,896460.000,6.112
14942.000,896520.000,6.211
14943.000,896580.000,6.600
14944.000,896640.000,6.820
14945.000,896700.000,6.307
14946.000,896760.000,6.530
14947.000,896820.000,6.131
14948.000,896880.000,6.816
14949.000,896940.000,6.564
14950.000,897000.000,6.418
14951.000,897060.000,6.975
14952.000,897120.000,6.906
14953.000,897180.000,6.645
14954.000,897240.000,6.734
14955.000,897300.000,6.581
14956.000,897360.000,6.788
14957.000,897420.000,6.404
14958.000,897480.000,6.455
14959.000,897540.000,6.404
14960.000,897600.000,6.149
14961.000,897660.000,6.102
14962.000,897720.000,6.102
14963.000,897780.000,6.746
14964.000,897840.000,6.711
14965.000,897900.000,6.548
14966.000,897960.000,6.863
14967.000,898020.000,6.762
14968.000,898080.000,6.470
14969.000,898140.000,6.573
14970.000,898200.000,6.819
14971.000,898260.000,6.393
14972.000,898320.000,6.398
14973.000,898380.000,6.983
14974.000,898440.000,6.473
14975.000,898500.000,6.654
14976.000,898560.000,6.301
14977.000,898620.000,6.529
14978.000,898680.000,6.285
14979.000,898740.000,6.826
14980.000,898800.000,6.798
14981.000,898860.000,6.187
14982.000,898920.000,6.638
14983.000,898980.000,6.031
14984.000,899040.000,6.224
14985.000,899100.000,6.876
14986.000,899160.000,6.784
14987.000,899220.000,6.911
14988.000,899280.000,6.243
14989.000,899340.000,6.595
14990.000,899400.000,6.188
14991.000,899460.000,6.954
14992.000,899520.000,6.594
14993.000,899580.000,6.998
14994.000,899640.000,6.457
14995.000,899700.000,6.637
14996.000,899760.000,6.335
14997.000,899820.000,6.103
14998.000,899880.000,6.297
14999.000,899940.000,6.276
15000.000,900000.000,6.453
15001.000,900060.000,9.562
15002.000,900120.000,9.173
15003.000,900180.000,9.389
15004.000,900240.000,9.006
15005.000,900300.000,9.330
15006.000,900360.000,9.127
15007.000,900420.000,9.005
15008.000,900480.000,9.845
15009.000,900540.000,9.908
15010.000,900600.000,9.315
15011.000,900660.000,9.598
15012.000,900720.000,9.861
15013.000,900780.000,9.078
15014.000,900840.000,9.024
15015.000,900900.000,9.008
15016.000,900960.000,9.980
15017.000,901020.000,9.656
15018.000,901080.000,9.320
15019.000,901140.000,9.368
15020.000,901200.000,9.806
15021.000,901260.000,9.787
15022.000,901320.000,9.047
15023.000,901380.000,9.025
15024.000,901440.000,9.292
15025.000,901500.000,9.277
15026.000,901560.000,9.177
15027.000,901620.000,9.794
15028.000,901680.000,9.016
15029.000,901740.000,9.557
15030.000,901800.000,9.910
15031.000,901860.000,9.517
15032.000,901920.000,9.912
15033.000,901980.000,9.851
15034.000,902040.000,9.603
15035.000,902100.000,9.331
15036.000,902160.000,9.620
15037.000,902220.000,9.029
15038.000,902280.000,9.022
15039.000,902340.000,9.159
15040.000,902400.000,9.417
15041.000,902460.000,9.419
15042.000,902520.000,9.411
15043.000,902580.000,9.318
15044.000,902640.000,9.883
15045.000,902700.000,9.283
15046.000,902760.000,9.929
15047.000,902820.000,9.927
15048.000,902880.000,9.374
15049.000,902940.000,9.942
15050.000,903000.000,9.068
15051.000,903060.000,9.317
15052.000,903120.000,9.528
15053.000,903180.000,9.988
15054.000,903240.000,9.359
15055.000,903300.000,9.815
15056.000,903360.000,9.370
15057.000,903420.000,9.736
15058.000,903480.000,9.724
15059.000,903540.000,9.466
15060.000,903600.000,9.182
15061.000,903660.000,9.808
15062.000,903720.000,9.438
15063.000,903780.000,9.669
15064.000,903840.000,9.924
15065.000,903900.000,9.924
15066.000,903960.000,9.043
15067.000,904020.000,9.686
15068.000,904080.000,9.342
15069.000,904140.000,9.158
15070.000,904200.000,9.158
15071.000,904260.000,9.016
15072.000,904320.000,9.164
15073.000,904380.000,9.574
15074.000,904440.000,9.803
15075.000,904500.000,9.628
15076.000,904560.000,9.471
15077.000,904620.000,9.004
15078.000,904680.000,9.707
15079.000,904740.000,9.918
15080.000,904800.000,9.590
15081.000,904860.000,9.701
15082.000,904920.000,9.019
15083.000,904980.000,9.981
15084.000,905040.000,9.816
15085.000,905100.000,9.939
15086.000,905160.000,9.711
15087.000,905220.000,9.716
15088.000,905280.000,9.526
15089.000,905340.000,9.411
15090.000,905400.000,9.426
15091.000,905460.000,9.598
15092.000,905520.000,9.414
15093.000,905580.000,9.812
15094.000,905640.000,9.415
15095.000,905700.000,9.196
15096.000,905760.000,9.765
15097.000,905820.000,9.837
15098.000,905880.000,9.850
15099.000,905940.000,9.188
15100.000,906000.000,9.571
15101.000,906060.000,9.261
15102.000,906120.000,9.745
15103.000,906180.000,9.095
15104.000,906240.000,9.800
15105.000,906300.000,9.541
15106.000,906360.000,9.856
15107.000,906420.000,9.163
15108.000,906480.000,9.282
15109.000,906540.000,9.993
15110.000,906600.000,9.195
15111.000,906660.000,9.602
15112.000,906720.000,9.874
15113.000,906780.000,9.195
15114.000,906840.000,9.357
15115.000,906900.000,9.544
15116.000,906960.000,9.473
15117.000,907020.000,9.198
15118.000,907080.000,9.979
15119.000,907140.000,9.593
15120.000,907200.000,9.794
15121.000,907260.000,9.645
15122.000,907320.000,9.229
15123.000,907380.000,9.822
15124.000,907440.000,9.735
15125.000,907500.000,9.952
15126.000,907560.000,9.043
15127.000,907620.000,9.070
15128.000,907680.000,9.764
15129.000,907740.000,9.836
15130.000,907800.000,9.428
15131.000,907860.000,9.327
15132.000,907920.000,9.349
15133.000,907980.000,9.888
15134.000,908040.000,9.583
15135.000,908100.000,9.522
15136.000,908160.000,9.442
15137.000,908220.000,9.482
15138.000,908280.000,9.814
15139.000,908340.000,9.198
15140.000,908400.000,9.649
15141.000,908460.000,9.124
15142.000,908520.000,9.012
15143.000,908580.000,9.764
15144.000,908640.000,9.286
15145.000,908700.000,9.114
15146.000,908760.000,9.465
15147.000,908820.000,9.333
15148.000,908880.000,9.168
15149.000,908940.000,9.526
15150.000,909000.000,9.726
15151.000,909060.000,9.374
15152.000,909120.000,9.633
15153.000,909180.000,9.808
15154.000,909240.000,9.660
15155.000,909300.000,9.461
15156.000,909360.000,9.859
15157.000,909420.000,9.420
15158.000,909480.000,9.609
15159.000,909540.000,9.216
15160.000,909600.000,9.239
15161.000,909660.000,9.442
15162.000,909720.000,9.702
15163.000,909780.000,9.977
15164.000,909840.000,9.120
15165.000,909900.000,9.967
15166.000,909960.000,9.647
15167.000,910020.000,9.802
15168.000,910080.000,9.236
15169.000,910140.000,9.082
15170.000,910200.000,9.508
15171.000,910260.000,9.868
15172.000,910320.000,9.542
15173.000,910380.000,9.379
15174.000,910440.000,9.357
15175.000,910500.000,9.057
15176.000,910560.000,9.418
15177.000,910620.000,9.091
15178.000,910680.000,9.906
15179.000,910740.000,9.420
15180.000,910800.000,9.931
15181.000,910860.000,9.398
15182.000,910920.000,9.829
15183.000,910980.000,9.606
15184.000,911040.000,9.345
15185.000,911100.000,9.473
15186.000,911160.000,9.943
15187.000,911220.000,9.238
15188.000,911280.000,9.552
15189.000,911340.000,9.550
15190.000,911400.000,9.369
15191.000,911460.000,9.787
15192.000,911520.000,9.636
15193.000,911580.000,9.332
15194.000,911640.000,9.053
15195.000,911700.000,9.445
15196.000,911760.000,9.500
15197.000,911820.000,9.159
15198.000,911880.000,9.319
15199.000,911940.000,9.510
15200.000,912000.000,9.962
15201.000,912060.000,9.579
15202.000,912120.000,9.326
15203.000,912180.000,9.099
15204.000,912240.000,9.582
15205.000,912300.000,9.926
15206.000,912360.000,9.211
15207.000,912420.000,9.390
15208.000,912480.000,9.097
15209.000,912540.000,9.540
15210.000,912600.000,9.577
15211.000,912660.000,9.828
15212.000,912720.000,9.060
15213.000,912780.000,9.916
15214.000,912840.000,9.403
15215.000,912900.000,9.335
15216.000,912960.000,9.112
15217.000,913020.000,9.284
15218.000,913080.000,9.521
15219.000,913140.000,9.151
15220.000,913200.000,9.714
15221.000,913260.000,9.722
15222.000,913320.000,9.410
15223.000,913380.000,9.070
15224.000,913440.000,9.819
15225.000,913500.000,9.824
15226.000,913560.000,9.697
15227.000,913620.000,9.015
15228.000,913680.000,9.599
15229.000,913740.000,9.498
15230.000,913800.000,9.334
15231.000,913860.000,9.896
15232.000,913920.000,9.997
15233.000,913980.000,9.618
15234.000,914040.000,9.935
15235.000,914100.000,9.344
15236.000,914160.000,9.956
15237.000,914220.000,9.840
15238.000,914280.000,9.480
15239.000,914340.000,9.716
15240.000,914400.000,9.322
15241.000,914460.000,9.659
15242.000,914520.000,9.448
15243.000,914580.000,9.046
15244.000,914640.000,9.377
15245.000,914700.000,9.027
15246.000,914760.000,9.806
15247.000,914820.000,9.406
15248.000,914880.000,9.399
15249.000,914940.000,9.101
15250.000,915000.000,9.470
15251.000,915060.000,9.821
15252.000,915120.000,9.227
15253.000,915180.000,9.061
15254.000,915240.000,9.044
15255.000,915300.000,9.984
15256.000,915360.000,9.702
15257.000,915420.000,9.020
15258.000,915480.000,9.023
15259.000,915540.000,9.575
15260.000,915600.000,9.601
15261.000,915660.000,9.300
15262.000,915720.000,9.223
15263.000,915780.000,9.777
15264.000,915840.000,9.379
15265.000,915900.000,9.817
15266.000,915960.000,9.505
15267.000,916020.000,9.508
15268.000,916080.000,9.267
15269.000,916140.000,9.974
15270.000,916200.000,9.002
15271.000,916260.000,9.610
15272.000,916320.000,9.407
15273.000,916380.000,9.771
15274.000,916440.000,9.727
15275.000,916500.000,9.891
15276.000,916560.000,9.973
15277.000,916620.000,9.101
15278.000,916680.000,9.929
15279.000,916740.000,9.318
15280.000,916800.000,9.158
15281.000,916860.000,9.781
15282.000,916920.000,9.834
15283.000,916980.000,9.822
15284.000,917040.000,9.592
15285.000,917100.000,9.098
15286.000,917160.000,9.275
15287.000,917220.000,9.251
15288.000,917280.000,9.475
15289.000,917340.000,9.573
15290.000,917400.000,9.431
15291.000,917460.000,9.957
15292.000,917520.000,9.904
15293.000,917580.000,9.924
15294.000,917640.000,9.493
15295.000,917700.000,9.535
15296.000,917760.000,9.943
15297.000,917820.000,9.776
15298.000,917880.000,9.574
15299.000,917940.000,9.118
15300.000,918000.000,9.628
15301.000,918060.000,9.376
15302.000,918120.000,9.398
15303.000,918180.000,9.926
15304.000,918240.000,9.039
15305.000,918300.000,9.136
15306.000,918360.000,9.747
15307.000,918420.000,9.597
15308.000,918480.000,9.707
15309.000,918540.000,9.770
15310.000,918600.000,9.526
15311.000,918660.000,9.412
15312.000,918720.000,9.029
15313.000,918780.000,9.413
15314.000,918840.000,9.722
15315.000,918900.000,9.884
15316.000,918960.000,9.837
15317.000,919020.000,9.079
15318.000,919080.000,9.883
15319.000,919140.000,9.044
15320.000,919200.000,9.078
15321.000,919260.000,9.854
15322.000,919320.000,9.364
15323.000,919380.000,9.698
15324.000,919440.000,9.731
15325.000,919500.000,9.442
15326.000,919560.000,9.780
15327.000,919620.000,9.747
15328.000,919680.000,9.190
15329.000,919740.000,9.313
15330.000,919800.000,9.943
15331.000,919860.000,9.403
15332.000,919920.000,9.094
15333.000,919980.000,9.716
15334.000,920040.000,9.889
15335.000,920100.000,9.064
15336.000,920160.000,9.665
15337.000,920220.000,9.478
15338.000,920280.000,9.381
15339.000,920340.000,9.571
15340.000,920400.000,9.822
15341.000,920460.000,9.516
15342.000,920520.000,9.565
15343.000,920580.000,9.180
15344.000,920640.000,9.305
15345.000,920700.000,9.330
15346.000,920760.000,9.183
15347.000,920820.000,9.721
15348.000,920880.000,9.186
15349.000,920940.000,9.604
15350.000,921000.000,9.239
15351.000,921060.000,9.871
15352.000,921120.000,9.638
15353.000,921180.000,9.035
15354.000,921240.000,9.003
15355.000,921300.000,9.419
15356.000,921360.000,9.744
15357.000,921420.000,9.578
15358.000,921480.000,9.126
15359.000,921540.000,9.772
15360.000,921600.000,9.014
15361.000,921660.000,9.391
15362.000,921720.000,9.260
15363.000,921780.000,9.873
15364.000,921840.000,9.601
15365.000,921900.000,9.720
15366.000,921960.000,9.368
15367.000,922020.000,9.604
15368.000,922080.000,9.676
15369.000,922140.000,9.068
15370.000,922200.000,9.928
15371.000,922260.000,9.958
15372.000,922320.000,9.849
15373.000,922380.000,9.744
15374.000,922440.000,9.078
15375.000,922500.000,9.495
15376.000,922560.000,9.441
15377.000,922620.000,9.053
15378.000,922680.000,9.139
15379.000,922740.000,9.156
15380.000,922800.000,9.834
15381.000,922860.000,9.775
15382.000,922920.000,9.899
15383.000,922980.000,9.769
15384.000,923040.000,9.434
15385.000,923100.000,9.641
15386.000,923160.000,9.302
15387.000,923220.000,9.190
15388.000,923280.000,9.730
15389.000,923340.000,9.035
15390.000,923400.000,9.272
15391.000,923460.000,9.082
15392.000,923520.000,9.395
15393.000,923580.000,9.216
15394.000,923640.000,9.376
15395.000,923700.000,9.798
15396.000,923760.000,9.695
15397.000,923820.000,9.767
15398.000,923880.000,9.946
15399.000,923940.000,9.931
15400.000,924000.000,9.013
15401.000,924060.000,9.947
15402.000,924120.000,9.240
15403.000,924180.000,9.625
15404.000,924240.000,9.880
15405.000,924300.000,9.785
15406.000,924360.000,9.718
15407.000,924420.000,9.685
15408.000,924480.000,9.721
15409.000,924540.000,9.727
15410.000,924600.000,9.363
15411.000,924660.000,9.984
15412.000,924720.000,9.980
15413.000,924780.000,9.125
15414.000,924840.000,9.582
15415.000,924900.000,9.254
15416.000,924960.000,9.137
15417.000,925020.000,9.537
15418.000,925080.000,9.660
15419.000,925140.000,9.983
15420.000,925200.000,9.836
15421.000,925260.000,9.426
15422.000,925320.000,9.803
15423.000,925380.000,9.805
15424.000,925440.000,9.219
15425.000,925500.000,9.348
15426.000,925560.000,9.473
15427.000,925620.000,9.901
15428.000,925680.000,9.726
15429.000,925740.000,9.099
15430.000,925800.000,9.277
15431.000,925860.000,9.194
15432.000,925920.000,9.390
15433.000,925980.000,9.913
15434.000,926040.000,9.515
15435.000,926100.000,9.739
15436.000,926160.000,9.197
15437.000,926220.000,9.136
15438.000,926280.000,9.845
15439.000,926340.000,9.015
15440.000,926400.000,9.673
15441.000,926460.000,9.069
15442.000,926520.000,9.133
15443.000,926580.000,9.584
15444.000,926640.000,9.791
15445.000,926700.000,9.763
15446.000,926760.000,9.497
15447.000,926820.000,9.499
15448.000,926880.000,9.871
15449.000,926940.000,9.401
15450.000,927000.000,9.583
15451.000,927060.000,9.672
15452.000,927120.000,9.479
15453.000,927180.000,9.814
15454.000,927240.000,9.509
15455.000,927300.000,9.002
15456.000,927360.000,9.491
15457.000,927420.000,9.819
15458.000,927480.000,9.748
15459.000,927540.000,9.555
15460.000,927600.000,9.001
15461.000,927660.000,9.200
15462.000,927720.000,9.385
15463.000,927780.000,9.215
15464.000,927840.000,9.368
15465.000,927900.000,9.883
15466.000,927960.000,9.723
15467.000,928020.000,9.142
15468.000,928080.000,9.159
15469.000,928140.000,9.208
15470.000,928200.000,9.182
15471.000,928260.000,9.424
15472.000,928320.000,9.656
15473.000,928380.000,9.513
15474.000,928440.000,9.637
15475.000,928500.000,9.134
15476.000,928560.000,9.301
15477.000,928620.000,9.507
15478.000,928680.000,9.454
15479.000,928740.000,9.273
15480.000,928800.000,9.398
15481.000,928860.000,9.363
15482.000,928920.000,9.846
15483.000,928980.000,9.392
15484.000,929040.000,9.155
15485.000,929100.000,9.731
15486.000,929160.000,9.581
15487.000,929220.000,9.006
15488.000,929280.000,9.401
15489.000,929340.000,9.008
15490.000,929400.000,9.759
15491.000,929460.000,9.079
15492.000,929520.000,9.272
15493.000,929580.000,9.798
15494.000,929640.000,9.655
15495.000,929700.000,9.153
15496.000,929760.000,9.313
15497.000,929820.000,9.710
15498.000,929880.000,9.113
15499.000,929940.000,9.175
15500.000,930000.000,9.886
15501.000,930060.000,9.630
15502.000,930120.000,9.933
15503.000,930180.000,9.809
15504.000,930240.000,9.657
15505.000,930300.000,9.588
15506.000,930360.000,9.297
15507.000,930420.000,9.151
15508.000,930480.000,9.500
15509.000,930540.000,9.580
15510.000,930600.000,9.557
15511.000,930660.000,9.122
15512.000,930720.000,9.131
15513.000,930780.000,9.908
15514.000,930840.000,9.837
15515.000,930900.000,9.643
15516.000,930960.000,9.143
15517.000,931020.000,9.634
15518.000,931080.000,9.876
15519.000,931140.000,9.175
15520.000,931200.000,9.199
15521.000,931260.000,9.707
15522.000,931320.000,9.195
15523.000,931380.000,9.182
15524.000,931440.000,9.573
15525.000,931500.000,9.016
15526.000,931560.000,9.183
15527.000,931620.000,9.410
15528.000,931680.000,9.779
15529.000,931740.000,9.926
15530.000,931800.000,9.318
15531.000,931860.000,9.376
15532.000,931920.000,9.547
15533.000,931980.000,9.488
15534.000,932040.000,9.456
15535.000,932100.000,9.308
15536.000,932160.000,9.541
15537.000,932220.000,9.654
15538.000,932280.000,9.878
15539.000,932340.000,9.745
15540.000,932400.000,9.951
15541.000,932460.000,9.284
15542.000,932520.000,9.616
15543.000,932580.000,9.089
15544.000,932640.000,9.291
15545.000,932700.000,9.469
15546.000,932760.000,9.935
15547.000,932820.000,9.561
15548.000,932880.000,9.388
15549.000,932940.000,9.312
15550.000,933000.000,9.849
15551.000,933060.000,9.779
15552.000,933120.000,9.818
15553.000,933180.000,9.584
15554.000,933240.000,9.430
15555.000,933300.000,9.964
15556.000,933360.000,9.973
15557.000,933420.000,9.658
15558.000,933480.000,9.527
15559.000,933540.000,9.584
15560.000,933600.000,9.536
15561.000,933660.000,9.002
15562.000,933720.000,9.148
15563.000,933780.000,9.947
15564.000,933840.000,9.321
15565.000,933900.000,9.559
15566.000,933960.000,9.603
15567.000,934020.000,9.546
15568.000,934080.000,9.578
15569.000,934140.000,9.125
15570.000,934200.000,9.470
15571.000,934260.000,9.925
15572.000,934320.000,9.256
15573.000,934380.000,9.687
15574.000,934440.000,9.646
15575.000,934500.000,9.818
15576.000,934560.000,9.067
15577.000,934620.000,9.379
15578.000,934680.000,9.789
15579.000,934740.000,9.166
15580.000,934800.000,9.116
15581.000,934860.000,9.237
15582.000,934920.000,9.199
15583.000,934980.000,9.391
15584.000,935040.000,9.024
15585.000,935100.000,9.150
15586.000,935160.000,9.991
15587.000,935220.000,9.135
15588.000,935280.000,9.905
15589.000,935340.000,9.712
15590.000,935400.000,9.433
15591.000,935460.000,9.384
15592.000,935520.000,9.062
15593.000,935580.000,9.871
15594.000,935640.000,9.188
15595.000,935700.000,9.299
15596.000,935760.000,9.141
15597.000,935820.000,9.190
15598.000,935880.000,9.510
15599.000,935940.000,9.982
15600.000,936000.000,9.572
15601.000,936060.000,9.654
15602.000,936120.000,9.632
15603.000,936180.000,9.887
15604.000,936240.000,9.638
15605.000,936300.000,9.026
15606.000,936360.000,9.158
15607.000,936420.000,9.605
15608.000,936480.000,9.893
15609.000,936540.000,9.573
15610.000,936600.000,9.432
15611.000,936660.000,9.760
15612.000,936720.000,9.179
15613.000,936780.000,9.638
15614.000,936840.000,9.798
15615.000,936900.000,9.788
15616.000,936960.000,9.442
15617.000,937020.000,9.655
15618.000,937080.000,9.163
15619.000,937140.000,9.868
15620.000,937200.000,9.951
15621.000,937260.000,9.302
15622.000,937320.000,9.629
15623.000,937380.000,9.890
15624.000,937440.000,9.703
15625.000,937500.000,9.807
15626.000,937560.000,9.001
15627.000,937620.000,9.727
15628.000,937680.000,9.720
15629.000,937740.000,9.103
15630.000,937800.000,9.110
15631.000,937860.000,9.946
15632.000,937920.000,9.708
15633.000,937980.000,9.428
15634.000,938040.000,9.719
15635.000,938100.000,9.807
15636.000,938160.000,9.070
15637.000,938220.000,9.635
15638.000,938280.000,9.106
15639.000,938340.000,9.353
15640.000,938400.000,9.351
15641.000,938460.000,9.473
15642.000,938520.000,9.619
15643.000,938580.000,9.333
15644.000,938640.000,9.764
15645.000,938700.000,9.664
15646.000,938760.000,9.106
15647.000,938820.000,9.950
15648.000,938880.000,9.933
15649.000,938940.000,9.696
15650.000,939000.000,9.833
15651.000,939060.000,9.220
15652.000,939120.000,9.214
15653.000,939180.000,9.737
15654.000,939240.000,9.355
15655.000,939300.000,9.594
15656.000,939360.000,9.276
15657.000,939420.000,9.783
15658.000,939480.000,9.783
15659.000,939540.000,9.408
15660.000,939600.000,9.761
15661.000,939660.000,9.943
15662.000,939720.000,9.528
15663.000,939780.000,9.769
15664.000,939840.000,9.760
15665.000,939900.000,9.191
15666.000,939960.000,9.314
15667.000,940020.000,9.640
15668.000,940080.000,9.658
15669.000,940140.000,9.741
15670.000,940200.000,9.180
15671.000,940260.000,9.131
15672.000,940320.000,9.718
15673.000,940380.000,9.204
15674.000,940440.000,9.318
15675.000,940500.000,9.735
15676.000,940560.000,9.822
15677.000,940620.000,9.572
15678.000,940680.000,9.877
15679.000,940740.000,9.987
15680.000,940800.000,9.842
15681.000,940860.000,9.869
15682.000,940920.000,9.155
15683.000,940980.000,9.380
15684.000,941040.000,9.226
15685.000,941100.000,9.696
15686.000,941160.000,9.269
15687.000,941220.000,9.170
15688.000,941280.000,9.093
15689.000,941340.000,9.379
15690.000,941400.000,9.362
15691.000,941460.000,9.161
15692.000,941520.000,9.841
15693.000,941580.000,9.345
15694.000,941640.000,9.138
15695.000,941700.000,9.309
15696.000,941760.000,9.872
15697.000,941820.000,9.509
15698.000,941880.000,9.769
15699.000,941940.000,9.033
15700.000,942000.000,9.693
15701.000,942060.000,9.568
15702.000,942120.000,9.820
15703.000,942180.000,9.658
15704.000,942240.000,9.334
15705.000,942300.000,9.277
15706.000,942360.000,9.768
15707.000,942420.000,9.122
15708.000,942480.000,9.538
15709.000,942540.000,9.121
15710.000,942600.000,9.353
15711.000,942660.000,9.207
15712.000,942720.000,9.155
15713.000,942780.000,9.429
15714.000,942840.000,9.148
15715.000,942900.000,9.986
15716.000,942960.000,9.542
15717.000,943020.000,9.067
15718.000,943080.000,9.855
15719.000,943140.000,9.178
15720.000,943200.000,9.047
15721.000,943260.000,9.330
15722.000,943320.000,9.249
15723.000,943380.000,9.775
15724.000,943440.000,9.518
15725.000,943500.000,9.311
15726.000,943560.000,9.793
15727.000,943620.000,9.674
15728.000,943680.000,9.834
15729.000,943740.000,9.482
15730.000,943800.000,9.312
15731.000,943860.000,9.376
15732.000,943920.000,9.797
15733.000,943980.000,9.022
15734.000,944040.000,9.807
15735.000,944100.000,9.723
15736.000,944160.000,9.778
15737.000,944220.000,9.315
15738.000,944280.000,9.186
15739.000,944340.000,9.900
15740.000,944400.000,9.880
15741.000,944460.000,9.250
15742.000,944520.000,9.277
15743.000,944580.000,9.781
15744.000,944640.000,9.932
15745.000,944700.000,9.074
15746.000,944760.000,9.977
15747.000,944820.000,9.981
15748.000,944880.000,9.424
15749.000,944940.000,9.190
15750.000,945000.000,9.985
15751.000,945060.000,9.181
15752.000,945120.000,9.998
15753.000,945180.000,9.877
15754.000,945240.000,9.315
15755.000,945300.000,9.433
15756.000,945360.000,9.223
15757.000,945420.000,9.551
15758.000,945480.000,9.627
15759.000,945540.000,9.846
15760.000,945600.000,9.373
15761.000,945660.000,9.925
15762.000,945720.000,9.448
15763.000,945780.000,9.117
15764.000,945840.000,9.985
15765.000,945900.000,9.821
15766.000,945960.000,9.312
15767.000,946020.000,9.644
15768.000,946080.000,9.705
15769.000,946140.000,9.155
15770.000,946200.000,9.035
15771.000,946260.000,9.147
15772.000,946320.000,9.807
15773.000,946380.000,9.347
15774.000,946440.000,9.543
15775.000,946500.000,9.878
15776.000,946560.000,9.266
15777.000,946620.000,9.350
15778.000,946680.000,9.315
15779.000,946740.000,9.256
15780.000,946800.000,9.122
15781.000,946860.000,9.854
15782.000,946920.000,9.510
15783.000,946980.000,9.522
15784.000,947040.000,9.418
15785.000,947100.000,9.444
15786.000,947160.000,9.000
15787.000,947220.000,9.112
15788.000,947280.000,9.484
15789.000,947340.000,9.645
15790.000,947400.000,9.047
15791.000,947460.000,9.400
15792.000,947520.000,9.807
15793.000,947580.000,9.716
15794.000,947640.000,9.927
15795.000,947700.000,9.387
15796.000,947760.000,9.571
15797.000,947820.000,9.615
15798.000,947880.000,9.033
15799.000,947940.000,9.689
15800.000,948000.000,9.418
15801.000,948060.000,9.136
15802.000,948120.000,9.998
15803.000,948180.000,9.926
15804.000,948240.000,9.517
15805.000,948300.000,9.529
15806.000,948360.000,9.884
15807.000,948420.000,9.826
15808.000,948480.000,9.182
15809.000,948540.000,9.404
15810.000,948600.000,9.450
15811.000,948660.000,9.481
15812.000,948720.000,9.317
15813.000,948780.000,9.250
15814.000,948840.000,9.060
15815.000,948900.000,9.576
15816.000,948960.000,9.726
15817.000,949020.000,9.974
15818.000,949080.000,9.934
15819.000,949140.000,9.121
15820.000,949200.000,9.732
15821.000,949260.000,9.146
15822.000,949320.000,9.020
15823.000,949380.000,9.272
15824.000,949440.000,9.644
15825.000,949500.000,9.737
15826.000,949560.000,9.790
15827.000,949620.000,9.721
15828.000,949680.000,9.388
15829.000,949740.000,9.711
15830.000,949800.000,9.669
15831.000,949860.000,9.865
15832.000,949920.000,9.763
15833.000,949980.000,9.505
15834.000,950040.000,9.292
15835.000,950100.000,9.932
15836.000,950160.000,9.231
15837.000,950220.000,9.151
15838.000,950280.000,9.800
15839.000,950340.000,9.542
15840.000,950400.000,9.365
15841.000,950460.000,9.577
15842.000,950520.000,9.100
15843.000,950580.000,9.642
15844.000,950640.000,9.365
15845.000,950700.000,9.270
15846.000,950760.000,9.710
15847.000,950820.000,9.853
15848.000,950880.000,9.212
15849.000,950940.000,9.063
15850.000,951000.000,9.955
15851.000,951060.000,9.272
15852.000,951120.000,9.606
15853.000,951180.000,9.500
15854.000,951240.000,9.410
15855.000,951300.000,9.396
15856.000,951360.000,9.210
15857.000,951420.000,9.604
15858.000,951480.000,9.499
15859.000,951540.000,9.315
15860.000,951600.000,9.609
15861.000,951660.000,9.648
15862.000,951720.000,9.258
15863.000,951780.000,9.232
15864.000,951840.000,9.091
15865.000,951900.000,9.998
15866.000,951960.000,9.549
15867.000,952020.000,9.831
15868.000,952080.000,9.886
15869.000,952140.000,9.745
15870.000,952200.000,9.720
15871.000,952260.000,9.776
15872.000,952320.000,9.407
15873.000,952380.000,9.784
15874.000,952440.000,9.114
15875.000,952500.000,9.953
15876.000,952560.000,9.757
15877.000,952620.000,9.308
15878.000,952680.000,9.267
15879.000,952740.000,9.026
15880.000,952800.000,9.450
15881.000,952860.000,9.672
15882.000,952920.000,9.312
15883.000,952980.000,9.121
15884.000,953040.000,9.228
15885.000,953100.000,9.328
15886.000,953160.000,9.125
15887.000,953220.000,9.767
15888.000,953280.000,9.213
15889.000,953340.000,9.355
15890.000,953400.000,9.147
15891.000,953460.000,9.854
15892.000,953520.000,9.354
15893.000,953580.000,9.578
15894.000,953640.000,9.125
15895.000,953700.000,9.097
15896.000,953760.000,9.052
15897.000,953820.000,9.725
15898.000,953880.000,9.083
15899.000,953940.000,9.791
15900.000,954000.000,9.781
15901.000,954060.000,9.898
15902.000,954120.000,9.176
15903.000,954180.000,9.059
15904.000,954240.000,9.425
15905.000,954300.000,9.559
15906.000,954360.000,9.674
15907.000,954420.000,9.957
15908.000,954480.000,9.656
15909.000,954540.000,9.655
15910.000,954600.000,9.959
15911.000,954660.000,9.802
15912.000,954720.000,9.325
15913.000,954780.000,9.292
15914.000,954840.000,9.041
15915.000,954900.000,9.508
15916.000,954960.000,9.692
15917.000,955020.000,9.844
15918.000,955080.000,9.249
15919.000,955140.000,9.480
15920.000,955200.000,9.562
15921.000,955260.000,9.020
15922.000,955320.000,9.846
15923.000,955380.000,9.080
15924.000,955440.000,9.090
15925.000,955500.000,9.434
15926.000,955560.000,9.018
15927.000,955620.000,9.749
15928.000,955680.000,9.260
15929.000,955740.000,9.354
15930.000,955800.000,9.413
15931.000,955860.000,9.709
15932.000,955920.000,9.169
15933.000,955980.000,9.247
15934.000,956040.000,9.035
15935.000,956100.000,9.979
15936.000,956160.000,9.313
15937.000,956220.000,9.808
15938.000,956280.000,9.969
15939.000,956340.000,9.335
15940.000,956400.000,9.971
15941.000,956460.000,9.140
15942.000,956520.000,9.327
15943.000,956580.000,9.629
15944.000,956640.000,9.665
15945.000,956700.000,9.313
15946.000,956760.000,9.597
15947.000,956820.000,9.421
15948.000,956880.000,9.829
15949.000,956940.000,9.472
15950.000,957000.000,9.937
15951.000,957060.000,9.696
15952.000,957120.000,9.068
15953.000,957180.000,9.281
15954.000,957240.000,9.053
15955.000,957300.000,9.537
15956.000,957360.000,9.901
15957.000,957420.000,9.716
15958.000,957480.000,9.377
15959.000,957540.000,9.683
15960.000,957600.000,9.549
15961.000,957660.000,9.256
15962.000,957720.000,9.028
15963.000,957780.000,9.375
15964.000,957840.000,9.285
15965.000,957900.000,9.849
15966.000,957960.000,9.645
15967.000,958020.000,9.885
15968.000,958080.000,9.761
15969.000,958140.000,9.638
15970.000,958200.000,9.964
15971.000,958260.000,9.057
15972.000,958320.000,9.534
15973.000,958380.000,9.919
15974.000,958440.000,9.001
15975.000,958500.000,9.603
15976.000,958560.000,9.632
15977.000,958620.000,9.072
15978.000,958680.000,9.726
15979.000,958740.000,9.389
15980.000,958800.000,9.548
15981.000,958860.000,9.768
15982.000,958920.000,9.398
15983.000,958980.000,9.258
15984.000,959040.000,9.846
15985.000,959100.000,9.755
15986.000,959160.000,9.364
15987.000,959220.000,9.474
15988.000,959280.000,9.249
15989.000,959340.000,9.076
15990.000,959400.000,9.866
15991.000,959460.000,9.875
15992.000,959520.000,9.698
15993.000,959580.000,9.993
15994.000,959640.000,9.020
15995.000,959700.000,9.406
15996.000,959760.000,9.402
15997.000,959820.000,9.384
15998.000,959880.000,9.149
15999.000,959940.000,9.943
16000.000,960000.000,9.682
16001.000,960060.000,9.524
16002.000,960120.000,9.635
16003.000,960180.000,9.624
16004.000,960240.000,9.586
16005.000,960300.000,9.961
16006.000,960360.000,9.457
16007.000,960420.000,9.698
16008.000,960480.000,9.672
16009.000,960540.000,9.748
16010.000,960600.000,9.945
16011.000,960660.000,9.879
16012.000,960720.000,9.390
16013.000,960780.000,9.507
16014.000,960840.000,9.093
16015.000,960900.000,9.969
16016.000,960960.000,9.986
16017.000,961020.000,9.540
16018.000,961080.000,9.124
16019.000,961140.000,9.363
16020.000,961200.000,9.373
16021.000,961260.000,9.174
16022.000,961320.000,9.657
16023.000,961380.000,9.614
16024.000,961440.000,9.936
16025.000,961500.000,9.267
16026.000,961560.000,9.673
16027.000,961620.000,9.455
16028.000,961680.000,9.952
16029.000,961740.000,9.491
16030.000,961800.000,9.286
16031.000,961860.000,9.490
16032.000,961920.000,9.453
16033.000,961980.000,9.148
16034.000,962040.000,9.424
16035.000,962100.000,9.681
16036.000,962160.000,9.481
16037.000,962220.000,9.661
16038.000,962280.000,9.116
16039.000,962340.000,9.678
16040.000,962400.000,9.155
16041.000,962460.000,9.649
16042.000,962520.000,9.310
16043.000,962580.000,9.316
16044.000,962640.000,9.275
16045.000,962700.000,9.052
16046.000,962760.000,9.671
16047.000,962820.000,9.411
16048.000,962880.000,9.751
16049.000,962940.000,9.268
16050.000,963000.000,9.400
16051.000,963060.000,9.156
16052.000,963120.000,9.395
16053.000,963180.000,9.160
16054.000,963240.000,9.431
16055.000,963300.000,9.557
16056.000,963360.000,9.231
16057.000,963420.000,9.263
16058.000,963480.000,9.671
16059.000,963540.000,9.983
16060.000,963600.000,9.790
16061.000,963660.000,9.776
16062.000,963720.000,9.088
16063.000,963780.000,9.913
16064.000,963840.000,9.845
16065.000,963900.000,9.008
16066.000,963960.000,9.619
16067.000,964020.000,9.394
16068.000,964080.000,9.007
16069.000,964140.000,9.715
16070.000,964200.000,9.831
16071.000,964260.000,9.718
16072.000,964320.000,9.131
16073.000,964380.000,9.416
16074.000,964440.000,9.722
16075.000,964500.000,9.520
16076.000,964560.000,9.538
16077.000,964620.000,9.085
16078.000,964680.000,9.192
16079.000,964740.000,9.972
16080.000,964800.000,9.069
16081.000,964860.000,9.076
16082.000,964920.000,9.276
16083.000,964980.000,9.391
16084.000,965040.000,9.129
16085.000,965100.000,9.098
16086.000,965160.000,9.644
16087.000,965220.000,9.324
16088.000,965280.000,9.821
16089.000,965340.000,9.991
16090.000,965400.000,9.785
16091.000,965460.000,9.074
16092.000,965520.000,9.178
16093.000,965580.000,9.731
16094.000,965640.000,9.676
16095.000,965700.000,9.988
16096.000,965760.000,9.466
16097.000,965820.000,9.894
16098.000,965880.000,9.998
16099.000,965940.000,9.022
16100.000,966000.000,9.069
16101.000,966060.000,9.530
16102.000,966120.000,9.782
16103.000,966180.000,9.510
16104.000,966240.000,9.721
16105.000,966300.000,9.354
16106.000,966360.000,9.736
16107.000,966420.000,9.396
16108.000,966480.000,9.858
16109.000,966540.000,9.134
16110.000,966600.000,9.637
16111.000,966660.000,9.510
16112.000,966720.000,9.126
16113.000,966780.000,9.852
16114.000,966840.000,9.992
16115.000,966900.000,9.539
16116.000,966960.000,9.889
16117.000,967020.000,9.779
16118.000,967080.000,9.159
16119.000,967140.000,9.445
16120.000,967200.000,9.043
16121.000,967260.000,9.231
16122.000,967320.000,9.307
16123.000,967380.000,9.524
16124.000,967440.000,9.367
16125.000,967500.000,9.960
16126.000,967560.000,9.415
16127.000,967620.000,9.589
16128.000,967680.000,9.559
16129.000,967740.000,9.914
16130.000,967800.000,9.932
16131.000,967860.000,9.569
16132.000,967920.000,9.963
16133.000,967980.000,9.715
16134.000,968040.000,9.022
16135.000,968100.000,9.681
16136.000,968160.000,9.825
16137.000,968220.000,9.400
16138.000,968280.000,9.891
16139.000,968340.000,9.440
16140.000,968400.000,9.963
16141.000,968460.000,9.154
16142.000,968520.000,9.080
16143.000,968580.000,9.887
16144.000,968640.000,9.899
16145.000,968700.000,9.803
16146.000,968760.000,9.302
16147.000,968820.000,9.177
16148.000,968880.000,9.486
16149.000,968940.000,9.239
16150.000,969000.000,9.756
16151.000,969060.000,9.233
16152.000,969120.000,9.093
16153.000,969180.000,9.025
16154.000,969240.000,9.898
16155.000,969300.000,9.426
16156.000,969360.000,9.378
16157.000,969420.000,9.390
16158.000,969480.000,9.087
16159.000,969540.000,9.652
16160.000,969600.000,9.119
16161.000,969660.000,9.503
16162.000,969720.000,9.135
16163.000,969780.000,9.570
16164.000,969840.000,9.743
16165.000,969900.000,9.029
16166.000,969960.000,9.684
16167.000,970020.000,9.427
16168.000,970080.000,9.885
16169.000,970140.000,9.526
16170.000,970200.000,9.596
16171.000,970260.000,9.030
16172.000,970320.000,9.251
16173.000,970380.000,9.223
16174.000,970440.000,9.849
16175.000,970500.000,9.911
16176.000,970560.000,9.731
16177.000,970620.000,9.604
16178.000,970680.000,9.823
16179.000,970740.000,9.248
16180.000,970800.000,9.006
16181.000,970860.000,9.726
16182.000,970920.000,9.416
16183.000,970980.000,9.938
16184.000,971040.000,9.120
16185.000,971100.000,9.477
16186.000,971160.000,9.211
16187.000,971220.000,9.926
16188.000,971280.000,9.401
16189.000,971340.000,9.106
16190.000,971400.000,9.115
16191.000,971460.000,9.662
16192.000,971520.000,9.452
16193.000,971580.000,9.844
16194.000,971640.000,9.576
16195.000,971700.000,9.614
16196.000,971760.000,9.658
16197.000,971820.000,9.132
16198.000,971880.000,9.714
16199.000,971940.000,9.402
16200.000,972000.000,9.648
16201.000,972060.000,9.586
16202.000,972120.000,9.328
16203.000,972180.000,9.478
16204.000,972240.000,9.478
16205.000,972300.000,9.826
16206.000,972360.000,9.880
16207.000,972420.000,9.290
16208.000,972480.000,9.971
16209.000,972540.000,9.279
16210.000,972600.000,9.545
16211.000,972660.000,9.683
16212.000,972720.000,9.294
16213.000,972780.000,9.357
16214.000,972840.000,9.961
16215.000,972900.000,9.250
16216.000,972960.000,9.857
16217.000,973020.000,9.475
16218.000,973080.000,9.440
16219.000,973140.000,9.881
16220.000,973200.000,9.158
16221.000,973260.000,9.497
16222.000,973320.000,9.426
16223.000,973380.000,9.572
16224.000,973440.000,9.854
16225.000,973500.000,9.956
16226.000,973560.000,9.543
16227.000,973620.000,9.315
16228.000,973680.000,9.909
16229.000,973740.000,9.688
16230.000,973800.000,9.757
16231.000,973860.000,9.275
16232.000,973920.000,9.604
16233.000,973980.000,9.300
16234.000,974040.000,9.935
16235.000,974100.000,9.161
16236.000,974160.000,9.316
16237.000,974220.000,9.789
16238.000,974280.000,9.260
16239.000,974340.000,9.196
16240.000,974400.000,9.047
16241.000,974460.000,9.737
16242.000,974520.000,9.915
16243.000,974580.000,9.739
16244.000,974640.000,9.409
16245.000,974700.000,9.070
16246.000,974760.000,9.856
16247.000,974820.000,9.417
16248.000,974880.000,9.565
16249.000,974940.000,9.221
16250.000,975000.000,9.082
16251.000,975060.000,9.767
16252.000,975120.000,9.821
16253.000,975180.000,9.516
16254.000,975240.000,9.137
16255.000,975300.000,9.125
16256.000,975360.000,9.463
16257.000,975420.000,9.248
16258.000,975480.000,9.992
16259.000,975540.000,9.064
16260.000,975600.000,9.421
16261.000,975660.000,9.099
16262.000,975720.000,9.191
16263.000,975780.000,9.124
16264.000,975840.000,9.712
16265.000,975900.000,9.349
16266.000,975960.000,9.595
16267.000,976020.000,9.793
16268.000,976080.000,9.372
16269.000,976140.000,9.865
16270.000,976200.000,9.875
16271.000,976260.000,9.416
16272.000,976320.000,9.307
16273.000,976380.000,9.994
16274.000,976440.000,9.146
16275.000,976500.000,9.778
16276.000,976560.000,9.396
16277.000,976620.000,9.520
16278.000,976680.000,9.020
16279.000,976740.000,9.205
16280.000,976800.000,9.836
16281.000,976860.000,9.046
16282.000,976920.000,9.678
16283.000,976980.000,9.248
16284.000,977040.000,9.278
16285.000,977100.000,9.938
16286.000,977160.000,9.386
16287.000,977220.000,9.070
16288.000,977280.000,9.137
16289.000,977340.000,9.934
16290.000,977400.000,9.551
16291.000,977460.000,9.382
16292.000,977520.000,9.107
16293.000,977580.000,9.999
16294.000,977640.000,9.946
16295.000,977700.000,9.093
16296.000,977760.000,9.591
16297.000,977820.000,9.510
16298.000,977880.000,9.823
16299.000,977940.000,9.599
16300.000,978000.000,9.596
16301.000,978060.000,9.026
16302.000,978120.000,9.711
16303.000,978180.000,9.254
16304.000,978240.000,9.050
16305.000,978300.000,9.531
16306.000,978360.000,9.866
16307.000,978420.000,9.936
16308.000,978480.000,9.690
16309.000,978540.000,9.859
16310.000,978600.000,9.527
16311.000,978660.000,9.634
16312.000,978720.000,9.380
16313.000,978780.000,9.834
16314.000,978840.000,9.449
16315.000,978900.000,9.037
16316.000,978960.000,9.903
16317.000,979020.000,9.007
16318.000,979080.000,9.203
16319.000,979140.000,9.876
16320.000,979200.000,9.519
16321.000,979260.000,9.852
16322.000,979320.000,9.680
16323.000,979380.000,9.441
16324.000,979440.000,9.613
16325.000,979500.000,9.765
16326.000,979560.000,9.691
16327.000,979620.000,9.500
16328.000,979680.000,9.320
16329.000,979740.000,9.970
16330.000,979800.000,9.605
16331.000,979860.000,9.936
16332.000,979920.000,9.492
16333.000,979980.000,9.077
16334.000,980040.000,9.012
16335.000,980100.000,9.110
16336.000,980160.000,9.876
16337.000,980220.000,9.929
16338.000,980280.000,9.634
16339.000,980340.000,9.447
16340.000,980400.000,9.589
16341.000,980460.000,9.417
16342.000,980520.000,9.864
16343.000,980580.000,9.233
16344.000,980640.000,9.019
16345.000,980700.000,9.530
16346.000,980760.000,9.110
16347.000,980820.000,9.042
16348.000,980880.000,9.201
16349.000,980940.000,9.761
16350.000,981000.000,9.302
16351.000,981060.000,9.612
16352.000,981120.000,9.055
16353.000,981180.000,9.526
16354.000,981240.000,9.633
16355.000,981300.000,9.734
16356.000,981360.000,9.068
16357.000,981420.000,9.941
16358.000,981480.000,9.673
16359.000,981540.000,9.636
16360.000,981600.000,9.171
16361.000,981660.000,9.611
16362.000,981720.000,9.734
16363.000,981780.000,9.026
16364.000,981840.000,9.679
16365.000,981900.000,9.149
16366.000,981960.000,9.235
16367.000,982020.000,9.310
16368.000,982080.000,9.419
16369.000,982140.000,9.914
16370.000,982200.000,9.369
16371.000,982260.000,9.375
16372.000,982320.000,9.655
16373.000,982380.000,9.534
16374.000,982440.000,9.115
16375.000,982500.000,9.474
16376.000,982560.000,9.667
16377.000,982620.000,9.157
16378.000,982680.000,9.946
16379.000,982740.000,9.660
16380.000,982800.000,9.760
16381.000,982860.000,9.352
16382.000,982920.000,9.448
16383.000,982980.000,9.094
16384.000,983040.000,9.228
16385.000,983100.000,9.151
16386.000,983160.000,9.716
16387.000,983220.000,9.961
16388.000,983280.000,9.164
16389.000,983340.000,9.059
16390.000,983400.000,9.819
16391.000,983460.000,9.266
16392.000,983520.000,9.570
16393.000,983580.000,9.529
16394.000,983640.000,9.739
16395.000,983700.000,9.007
16396.000,983760.000,9.337
16397.000,983820.000,9.396
16398.000,983880.000,9.964
16399.000,983940.000,9.762
16400.000,984000.000,9.002
16401.000,984060.000,9.748
16402.000,984120.000,9.297
16403.000,984180.000,9.835
16404.000,984240.000,9.527
16405.000,984300.000,9.838
16406.000,984360.000,9.320
16407.000,984420.000,9.401
16408.000,984480.000,9.766
16409.000,984540.000,9.694
16410.000,984600.000,9.916
16411.000,984660.000,9.655
16412.000,984720.000,9.882
16413.000,984780.000,9.867
16414.000,984840.000,9.954
16415.000,984900.000,9.522
16416.000,984960.000,9.616
16417.000,985020.000,9.713
16418.000,985080.000,9.928
16419.000,985140.000,9.283
16420.000,985200.000,9.166
16421.000,985260.000,9.039
16422.000,985320.000,9.524
16423.000,985380.000,9.074
16424.000,985440.000,9.460
16425.000,985500.000,9.615
16426.000,985560.000,9.370
16427.000,985620.000,9.885
16428.000,985680.000,9.334
16429.000,985740.000,9.700
16430.000,985800.000,9.827
16431.000,985860.000,9.088
16432.000,985920.000,9.226
16433.000,985980.000,9.998
16434.000,986040.000,9.411
16435.000,986100.000,9.845
16436.000,986160.000,9.926
16437.000,986220.000,9.378
16438.000,986280.000,9.272
16439.000,986340.000,9.047
16440.000,986400.000,9.837
16441.000,986460.000,9.030
16442.000,986520.000,9.830
16443.000,986580.000,9.839
16444.000,986640.000,9.872
16445.000,986700.000,9.397
16446.000,986760.000,9.697
16447.000,986820.000,9.391
16448.000,986880.000,9.039
16449.000,986940.000,9.183
16450.000,987000.000,9.279
16451.000,987060.000,9.046
16452.000,987120.000,9.416
16453.000,987180.000,9.660
16454.000,987240.000,9.634
16455.000,987300.000,9.203
16456.000,987360.000,9.223
16457.000,987420.000,9.596
16458.000,987480.000,9.906
16459.000,987540.000,9.887
16460.000,987600.000,9.930
16461.000,987660.000,9.805
16462.000,987720.000,9.831
16463.000,987780.000,9.794
16464.000,987840.000,9.061
16465.000,987900.000,9.706
16466.000,987960.000,9.054
16467.000,988020.000,9.515
16468.000,988080.000,9.594
16469.000,988140.000,9.112
16470.000,988200.000,9.827
16471.000,988260.000,9.894
16472.000,988320.000,9.783
16473.000,988380.000,9.700
16474.000,988440.000,9.050
16475.000,988500.000,9.322
16476.000,988560.000,9.107
16477.000,988620.000,9.922
16478.000,988680.000,9.093
16479.000,988740.000,9.029
16480.000,988800.000,9.287
16481.000,988860.000,9.641
16482.000,988920.000,9.235
16483.000,988980.000,9.199
16484.000,989040.000,9.723
16485.000,989100.000,9.030
16486.000,989160.000,9.848
16487.000,989220.000,9.927
16488.000,989280.000,9.847
16489.000,989340.000,9.369
16490.000,989400.000,9.812
16491.000,989460.000,9.167
16492.000,989520.000,9.808
16493.000,989580.000,9.660
16494.000,989640.000,9.637
16495.000,989700.000,9.173
16496.000,989760.000,9.217
16497.000,989820.000,9.546
16498.000,989880.000,9.224
16499.000,989940.000,9.230
16500.000,990000.000,9.410
16501.000,990060.000,9.907
16502.000,990120.000,9.438
16503.000,990180.000,9.258
16504.000,990240.000,9.263
16505.000,990300.000,9.872
16506.000,990360.000,9.805
16507.000,990420.000,9.852
16508.000,990480.000,9.067
16509.000,990540.000,9.170
16510.000,990600.000,9.631
16511.000,990660.000,9.091
16512.000,990720.000,9.796
16513.000,990780.000,9.970
16514.000,990840.000,9.341
16515.000,990900.000,9.153
16516.000,990960.000,9.289
16517.000,991020.000,9.756
16518.000,991080.000,9.408
16519.000,991140.000,9.504
16520.000,991200.000,9.220
16521.000,991260.000,9.921
16522.000,991320.000,9.458
16523.000,991380.000,9.018
16524.000,991440.000,9.946
16525.000,991500.000,9.383
16526.000,991560.000,9.483
16527.000,991620.000,9.576
16528.000,991680.000,9.016
16529.000,991740.000,9.888
16530.000,991800.000,9.613
16531.000,991860.000,9.966
16532.000,991920.000,9.972
16533.000,991980.000,9.070
16534.000,992040.000,9.551
16535.000,992100.000,9.203
16536.000,992160.000,9.229
16537.000,992220.000,9.554
16538.000,992280.000,9.882
16539.000,992340.000,9.771
16540.000,992400.000,9.895
16541.000,992460.000,9.676
16542.000,992520.000,9.746
16543.000,992580.000,9.797
16544.000,992640.000,9.188
16545.000,992700.000,9.779
16546.000,992760.000,9.695
16547.000,992820.000,9.082
16548.000,992880.000,9.443
16549.000,992940.000,9.059
16550.000,993000.000,9.917
16551.000,993060.000,9.248
16552.000,993120.000,9.521
16553.000,993180.000,9.375
16554.000,993240.000,9.142
16555.000,993300.000,9.343
16556.000,993360.000,9.199
16557.000,993420.000,9.711
16558.000,993480.000,9.129
16559.000,993540.000,9.469
16560.000,993600.000,9.460
16561.000,993660.000,9.240
16562.000,993720.000,9.666
16563.000,993780.000,9.247
16564.000,993840.000,9.231
16565.000,993900.000,9.803
16566.000,993960.000,9.214
16567.000,994020.000,9.508
16568.000,994080.000,9.146
16569.000,994140.000,9.589
16570.000,994200.000,9.240
16571.000,994260.000,9.860
16572.000,994320.000,9.215
16573.000,994380.000,9.976
16574.000,994440.000,9.006
16575.000,994500.000,9.391
16576.000,994560.000,9.433
16577.000,994620.000,9.050
16578.000,994680.000,9.818
16579.000,994740.000,9.342
16580.000,994800.000,9.601
16581.000,994860.000,9.177
16582.000,994920.000,9.551
16583.000,994980.000,9.528
16584.000,995040.000,9.560
16585.000,995100.000,9.479
16586.000,995160.000,9.235
16587.000,995220.000,9.866
16588.000,995280.000,9.169
16589.000,995340.000,9.222
16590.000,995400.000,9.585
16591.000,995460.000,9.343
16592.000,995520.000,9.323
16593.000,995580.000,9.999
16594.000,995640.000,9.525
16595.000,995700.000,9.291
16596.000,995760.000,9.647
16597.000,995820.000,9.729
16598.000,995880.000,9.170
16599.000,995940.000,9.026
16600.000,996000.000,9.474
16601.000,996060.000,9.605
16602.000,996120.000,9.177
16603.000,996180.000,9.654
16604.000,996240.000,9.546
16605.000,996300.000,9.937
16606.000,996360.000,9.106
16607.000,996420.000,9.437
16608.000,996480.000,9.859
16609.000,996540.000,9.305
16610.000,996600.000,9.914
16611.000,996660.000,9.666
16612.000,996720.000,9.911
16613.000,996780.000,9.050
16614.000,996840.000,9.461
16615.000,996900.000,9.692
16616.000,996960.000,9.629
16617.000,997020.000,9.554
16618.000,997080.000,9.318
16619.000,997140.000,9.753
16620.000,997200.000,9.045
16621.000,997260.000,9.928
16622.000,997320.000,9.714
16623.000,997380.000,9.071
16624.000,997440.000,9.295
16625.000,997500.000,9.206
16626.000,997560.000,9.241
16627.000,997620.000,9.974
16628.000,997680.000,9.921
16629.000,997740.000,9.647
16630.000,997800.000,9.796
16631.000,997860.000,9.598
16632.000,997920.000,9.064
16633.000,997980.000,9.185
16634.000,998040.000,9.285
16635.000,998100.000,9.812
16636.000,998160.000,9.086
16637.000,998220.000,9.841
16638.000,998280.000,9.793
16639.000,998340.000,9.776
16640.000,998400.000,9.656
16641.000,998460.000,9.446
16642.000,998520.000,9.233
16643.000,998580.000,9.133
16644.000,998640.000,9.746
16645.000,998700.000,9.057
16646.000,998760.000,9.949
16647.000,998820.000,9.634
16648.000,998880.000,9.169
16649.000,998940.000,9.918
16650.000,999000.000,9.455
16651.000,999060.000,9.128
16652.000,999120.000,9.189
16653.000,999180.000,9.325
16654.000,999240.000,9.118
16655.000,999300.000,9.498
16656.000,999360.000,9.815
16657.000,999420.000,9.245
16658.000,999480.000,9.151
16659.000,999540.000,9.407
16660.000,999600.000,9.602
16661.000,999660.000,9.073
16662.000,999720.000,9.523
16663.000,999780.000,9.580
16664.000,999840.000,9.817
16665.000,999900.000,9.782
16666.000,999960.000,9.486
16667.000,1000020.000,9.344
16668.000,1000080.000,9.857
16669.000,1000140.000,9.139
16670.000,1000200.000,9.328
16671.000,1000260.000,9.880
16672.000,1000320.000,9.463
16673.000,1000380.000,9.756
16674.000,1000440.000,9.202
16675.000,1000500.000,9.553
16676.000,1000560.000,9.187
16677.000,1000620.000,9.406
16678.000,1000680.000,9.095
16679.000,1000740.000,9.821
16680.000,1000800.000,9.028
16681.000,1000860.000,9.986
16682.000,1000920.000,9.850
16683.000,1000980.000,9.720
16684.000,1001040.000,9.995
16685.000,1001100.000,9.968
16686.000,1001160.000,9.843
16687.000,1001220.000,9.399
16688.000,1001280.000,9.106
16689.000,1001340.000,9.499
16690.000,1001400.000,9.597
16691.000,1001460.000,9.356
16692.000,1001520.000,9.429
16693.000,1001580.000,9.288
16694.000,1001640.000,9.636
16695.000,1001700.000,9.551
16696.000,1001760.000,9.566
16697.000,1001820.000,9.443
16698.000,1001880.000,9.217
16699.000,1001940.000,9.018
16700.000,1002000.000,9.315
16701.000,1002060.000,9.329
16702.000,1002120.000,9.511
16703.000,1002180.000,9.813
16704.000,1002240.000,9.189
16705.000,1002300.000,9.643
16706.000,1002360.000,9.588
16707.000,1002420.000,9.021
16708.000,1002480.000,9.604
16709.000,1002540.000,9.311
16710.000,1002600.000,9.844
16711.000,1002660.000,9.955
16712.000,1002720.000,9.088
16713.000,1002780.000,9.818
16714.000,1002840.000,9.097
16715.000,1002900.000,9.226
16716.000,1002960.000,9.643
16717.000,1003020.000,9.713
16718.000,1003080.000,9.333
16719.000,1003140.000,9.694
16720.000,1003200.000,9.407
16721.000,1003260.000,9.948
16722.000,1003320.000,9.333
16723.000,1003380.000,9.868
16724.000,1003440.000,9.601
16725.000,1003500.000,9.380
16726.000,1003560.000,9.848
16727.000,1003620.000,9.767
16728.000,1003680.000,9.321
16729.000,1003740.000,9.712
16730.000,1003800.000,9.651
16731.000,1003860.000,9.764
16732.000,1003920.000,9.590
16733.000,1003980.000,9.855
16734.000,1004040.000,9.989
16735.000,1004100.000,9.833
16736.000,1004160.000,9.812
16737.000,1004220.000,9.500
16738.000,1004280.000,9.900
16739.000,1004340.000,9.658
16740.000,1004400.000,9.149
16741.000,1004460.000,9.826
16742.000,1004520.000,9.593
16743.000,1004580.000,9.894
16744.000,1004640.000,9.471
16745.000,1004700.000,9.750
16746.000,1004760.000,9.044
16747.000,1004820.000,9.004
16748.000,1004880.000,9.608
16749.000,1004940.000,9.461
16750.000,1005000.000,9.287
16751.000,1005060.000,9.907
16752.000,1005120.000,9.608
16753.000,1005180.000,9.594
16754.000,1005240.000,9.499
16755.000,1005300.000,9.640
16756.000,1005360.000,9.436
16757.000,1005420.000,9.632
16758.000,1005480.000,9.549
16759.000,1005540.000,9.577
16760.000,1005600.000,9.933
16761.000,1005660.000,9.176
16762.000,1005720.000,9.776
16763.000,1005780.000,9.342
16764.000,1005840.000,9.839
16765.000,1005900.000,9.047
16766.000,1005960.000,9.060
16767.000,1006020.000,9.156
16768.000,1006080.000,9.477
16769.000,1006140.000,9.152
16770.000,1006200.000,9.381
16771.000,1006260.000,9.484
16772.000,1006320.000,9.578
16773.000,1006380.000,9.220
16774.000,1006440.000,9.589
16775.000,1006500.000,9.640
16776.000,1006560.000,9.842
16777.000,1006620.000,9.396
16778.000,1006680.000,9.217
16779.000,1006740.000,9.524
16780.000,1006800.000,9.951
16781.000,1006860.000,9.021
16782.000,1006920.000,9.910
16783.000,1006980.000,10.000
16784.000,1007040.000,9.270
16785.000,1007100.000,9.052
16786.000,1007160.000,9.687
16787.000,1007220.000,9.099
16788.000,1007280.000,9.318
16789.000,1007340.000,9.351
16790.000,1007400.000,9.044
16791.000,1007460.000,9.597
16792.000,1007520.000,9.959
16793.000,1007580.000,9.570
16794.000,1007640.000,9.900
16795.000,1007700.000,9.697
16796.000,1007760.000,9.233
16797.000,1007820.000,9.224
16798.000,1007880.000,9.766
16799.000,1007940.000,9.199
16800.000,1008000.000,9.352
16801.000,1008060.000,9.493
16802.000,1008120.000,9.042
16803.000,1008180.000,9.002
16804.000,1008240.000,9.813
16805.000,1008300.000,9.687
16806.000,1008360.000,9.626
16807.000,1008420.000,9.447
16808.000,1008480.000,9.916
16809.000,1008540.000,9.564
16810.000,1008600.000,9.036
16811.000,1008660.000,9.297
16812.000,1008720.000,9.612
16813.000,1008780.000,9.117
16814.000,1008840.000,9.789
16815.000,1008900.000,9.271
16816.000,1008960.000,9.234
16817.000,1009020.000,9.575
16818.000,1009080.000,9.658
16819.000,1009140.000,9.139
16820.000,1009200.000,9.777
16821.000,1009260.000,9.008
16822.000,1009320.000,9.300
16823.000,1009380.000,9.735
16824.000,1009440.000,9.976
16825.000,1009500.000,9.830
16826.000,1009560.000,9.199
16827.000,1009620.000,9.604
16828.000,1009680.000,9.554
16829.000,1009740.000,9.525
16830.000,1009800.000,9.799
16831.000,1009860.000,9.009
16832.000,1009920.000,9.395
16833.000,1009980.000,9.182
16834.000,1010040.000,9.773
16835.000,1010100.000,9.016
16836.000,1010160.000,9.767
16837.000,1010220.000,9.392
16838.000,1010280.000,9.545
16839.000,1010340.000,9.633
16840.000,1010400.000,9.630
16841.000,1010460.000,9.379
16842.000,1010520.000,9.728
16843.000,1010580.000,9.830
16844.000,1010640.000,9.855
16845.000,1010700.000,9.481
16846.000,1010760.000,9.640
16847.000,1010820.000,9.374
16848.000,1010880.000,9.465
16849.000,1010940.000,9.381
16850.000,1011000.000,9.212
16851.000,1011060.000,9.373
16852.000,1011120.000,9.884
16853.000,1011180.000,9.757
16854.000,1011240.000,9.284
16855.000,1011300.000,9.156
16856.000,1011360.000,9.840
16857.000,1011420.000,9.323
16858.000,1011480.000,9.078
16859.000,1011540.000,9.058
16860.000,1011600.000,9.974
16861.000,1011660.000,9.419
16862.000,1011720.000,9.183
16863.000,1011780.000,9.803
16864.000,1011840.000,9.212
16865.000,1011900.000,9.001
16866.000,1011960.000,9.731
16867.000,1012020.000,9.857
16868.000,1012080.000,9.151
16869.000,1012140.000,9.489
16870.000,1012200.000,9.137
16871.000,1012260.000,9.976
16872.000,1012320.000,9.293
16873.000,1012380.000,9.775
16874.000,1012440.000,9.984
16875.000,1012500.000,9.000
16876.000,1012560.000,9.341
16877.000,1012620.000,9.833
16878.000,1012680.000,9.660
16879.000,1012740.000,9.581
16880.000,1012800.000,9.516
16881.000,1012860.000,9.627
16882.000,1012920.000,9.701
16883.000,1012980.000,9.976
16884.000,1013040.000,9.104
16885.000,1013100.000,9.814
16886.000,1013160.000,9.161
16887.000,1013220.000,9.699
16888.000,1013280.000,9.131
16889.000,1013340.000,9.043
16890.000,1013400.000,9.036
16891.000,1013460.000,9.096
16892.000,1013520.000,9.060
16893.000,1013580.000,9.710
16894.000,1013640.000,9.282
16895.000,1013700.000,9.187
16896.000,1013760.000,9.966
16897.000,1013820.000,9.287
16898.000,1013880.000,9.738
16899.000,1013940.000,9.714
16900.000,1014000.000,9.408
16901.000,1014060.000,9.708
16902.000,1014120.000,9.951
16903.000,1014180.000,9.693
16904.000,1014240.000,9.317
16905.000,1014300.000,9.945
16906.000,1014360.000,9.303
16907.000,1014420.000,9.461
16908.000,1014480.000,9.174
16909.000,1014540.000,9.665
16910.000,1014600.000,9.869
16911.000,1014660.000,9.027
16912.000,1014720.000,9.800
16913.000,1014780.000,9.486
16914.000,1014840.000,9.061
16915.000,1014900.000,9.884
16916.000,1014960.000,9.139
16917.000,1015020.000,9.101
16918.000,1015080.000,9.119
16919.000,1015140.000,9.673
16920.000,1015200.000,9.598
16921.000,1015260.000,9.386
16922.000,1015320.000,9.869
16923.000,1015380.000,9.921
16924.000,1015440.000,9.293
16925.000,1015500.000,9.007
16926.000,1015560.000,9.529
16927.000,1015620.000,9.612
16928.000,1015680.000,9.609
16929.000,1015740.000,9.817
16930.000,1015800.000,9.844
16931.000,1015860.000,9.656
16932.000,1015920.000,9.195
16933.000,1015980.000,9.801
16934.000,1016040.000,9.538
16935.000,1016100.000,9.304
16936.000,1016160.000,9.918
16937.000,1016220.000,9.472
16938.000,1016280.000,9.994
16939.000,1016340.000,9.247
16940.000,1016400.000,9.957
16941.000,1016460.000,9.337
16942.000,1016520.000,9.757
16943.000,1016580.000,9.297
16944.000,1016640.000,9.761
16945.000,1016700.000,9.167
16946.000,1016760.000,9.140
16947.000,1016820.000,9.361
16948.000,1016880.000,9.918
16949.000,1016940.000,9.112
16950.000,1017000.000,9.114
16951.000,1017060.000,9.994
16952.000,1017120.000,9.245
16953.000,1017180.000,9.712
16954.000,1017240.000,9.731
16955.000,1017300.000,9.291
16956.000,1017360.000,9.712
16957.000,1017420.000,9.491
16958.000,1017480.000,9.118
16959.000,1017540.000,9.860
16960.000,1017600.000,9.959
16961.000,1017660.000,9.959
16962.000,1017720.000,9.993
16963.000,1017780.000,9.138
16964.000,1017840.000,9.606
16965.000,1017900.000,9.429
16966.000,1017960.000,9.289
16967.000,1018020.000,9.199
16968.000,1018080.000,9.233
16969.000,1018140.000,9.892
16970.000,1018200.000,9.097
16971.000,1018260.000,9.460
16972.000,1018320.000,9.575
16973.000,1018380.000,9.006
16974.000,1018440.000,9.867
16975.000,1018500.000,9.268
16976.000,1018560.000,9.044
16977.000,1018620.000,9.732
16978.000,1018680.000,9.612
16979.000,1018740.000,9.423
16980.000,1018800.000,9.611
16981.000,1018860.000,9.269
16982.000,1018920.000,9.897
16983.000,1018980.000,9.456
16984.000,1019040.000,9.466
16985.000,1019100.000,9.925
16986.000,1019160.000,9.628
16987.000,1019220.000,9.393
16988.000,1019280.000,9.635
16989.000,1019340.000,9.984
16990.000,1019400.000,9.954
16991.000,1019460.000,9.336
16992.000,1019520.000,9.066
16993.000,1019580.000,9.743
16994.000,1019640.000,9.034
16995.000,1019700.000,9.648
16996.000,1019760.000,9.473
16997.000,1019820.000,9.444
16998.000,1019880.000,9.831
16999.000,1019940.000,9.152
17000.000,1020000.000,9.513
17001.000,1020060.000,9.307
17002.000,1020120.000,9.062
17003.000,1020180.000,9.081
17004.000,1020240.000,9.429
17005.000,1020300.000,9.881
17006.000,1020360.000,9.557
17007.000,1020420.000,9.197
17008.000,1020480.000,9.516
17009.000,1020540.000,9.021
17010.000,1020600.000,9.882
17011.000,1020660.000,9.406
17012.000,1020720.000,9.583
17013.000,1020780.000,9.015
17014.000,1020840.000,9.245
17015.000,1020900.000,9.344
17016.000,1020960.000,9.263
17017.000,1021020.000,9.036
17018.000,1021080.000,9.671
17019.000,1021140.000,9.538
17020.000,1021200.000,9.386
17021.000,1021260.000,9.874
17022.000,1021320.000,9.747
17023.000,1021380.000,9.579
17024.000,1021440.000,9.805
17025.000,1021500.000,9.576
17026.000,1021560.000,9.912
17027.000,1021620.000,9.781
17028.000,1021680.000,9.439
17029.000,1021740.000,9.953
17030.000,1021800.000,9.838
17031.000,1021860.000,9.653
17032.000,1021920.000,9.183
17033.000,1021980.000,9.043
17034.000,1022040.000,9.707
17035.000,1022100.000,9.558
17036.000,1022160.000,9.632
17037.000,1022220.000,9.948
17038.000,1022280.000,9.023
17039.000,1022340.000,9.036
17040.000,1022400.000,9.263
17041.000,1022460.000,9.725
17042.000,1022520.000,9.940
17043.000,1022580.000,9.370
17044.000,1022640.000,9.059
17045.000,1022700.000,9.163
17046.000,1022760.000,9.204
17047.000,1022820.000,9.130
17048.000,1022880.000,9.998
17049.000,1022940.000,9.834
17050.000,1023000.000,9.093
17051.000,1023060.000,9.895
17052.000,1023120.000,9.663
17053.000,1023180.000,9.150
17054.000,1023240.000,9.757
17055.000,1023300.000,9.469
17056.000,1023360.000,9.546
17057.000,1023420.000,9.593
17058.000,1023480.000,9.773
17059.000,1023540.000,9.940
17060.000,1023600.000,9.674
17061.000,1023660.000,9.004
17062.000,1023720.000,9.914
17063.000,1023780.000,9.669
17064.000,1023840.000,9.758
17065.000,1023900.000,9.944
17066.000,1023960.000,9.485
17067.000,1024020.000,9.682
17068.000,1024080.000,9.087
17069.000,1024140.000,9.450
17070.000,1024200.000,9.077
17071.000,1024260.000,9.087
17072.000,1024320.000,9.041
17073.000,1024380.000,9.562
17074.000,1024440.000,9.452
17075.000,1024500.000,9.983
17076.000,1024560.000,9.515
17077.000,1024620.000,9.902
17078.000,1024680.000,9.673
17079.000,1024740.000,9.943
17080.000,1024800.000,9.030
17081.000,1024860.000,9.952
17082.000,1024920.000,9.437
17083.000,1024980.000,9.042
17084.000,1025040.000,9.801
17085.000,1025100.000,9.027
17086.000,1025160.000,9.609
17087.000,1025220.000,9.382
17088.000,1025280.000,9.295
17089.000,1025340.000,9.782
17090.000,1025400.000,9.153
17091.000,1025460.000,9.536
17092.000,1025520.000,9.175
17093.000,1025580.000,9.031
17094.000,1025640.000,9.772
17095.000,1025700.000,9.310
17096.000,1025760.000,9.875
17097.000,1025820.000,9.907
17098.000,1025880.000,9.776
17099.000,1025940.000,9.260
17100.000,1026000.000,9.836
17101.000,1026060.000,9.510
17102.000,1026120.000,9.313
17103.000,1026180.000,9.368
17104.000,1026240.000,9.699
17105.000,1026300.000,9.753
17106.000,1026360.000,9.024
17107.000,1026420.000,9.441
17108.000,1026480.000,9.602
17109.000,1026540.000,9.272
17110.000,1026600.000,9.808
17111.000,1026660.000,9.037
17112.000,1026720.000,9.370
17113.000,1026780.000,9.811
17114.000,1026840.000,9.453
17115.000,1026900.000,9.695
17116.000,1026960.000,9.841
17117.000,1027020.000,9.105
17118.000,1027080.000,9.022
17119.000,1027140.000,9.658
17120.000,1027200.000,9.592
17121.000,1027260.000,9.618
17122.000,1027320.000,9.874
17123.000,1027380.000,9.021
17124.000,1027440.000,9.708
17125.000,1027500.000,9.845
17126.000,1027560.000,9.703
17127.000,1027620.000,9.051
17128.000,1027680.000,9.238
17129.000,1027740.000,9.822
17130.000,1027800.000,9.090
17131.000,1027860.000,9.828
17132.000,1027920.000,9.601
17133.000,1027980.000,9.906
17134.000,1028040.000,9.913
17135.000,1028100.000,9.633
17136.000,1028160.000,9.038
17137.000,1028220.000,9.657
17138.000,1028280.000,9.540
17139.000,1028340.000,9.095
17140.000,1028400.000,9.588
17141.000,1028460.000,9.727
17142.000,1028520.000,9.102
17143.000,1028580.000,9.698
17144.000,1028640.000,9.278
17145.000,1028700.000,9.086
17146.000,1028760.000,9.409
17147.000,1028820.000,9.523
17148.000,1028880.000,9.854
17149.000,1028940.000,9.655
17150.000,1029000.000,9.362
17151.000,1029060.000,9.383
17152.000,1029120.000,9.810
17153.000,1029180.000,9.484
17154.000,1029240.000,9.511
17155.000,1029300.000,9.872
17156.000,1029360.000,9.086
17157.000,1029420.000,9.037
17158.000,1029480.000,9.718
17159.000,1029540.000,9.229
17160.000,1029600.000,9.329
17161.000,1029660.000,9.663
17162.000,1029720.000,9.392
17163.000,1029780.000,9.837
17164.000,1029840.000,9.684
17165.000,1029900.000,9.581
17166.000,1029960.000,9.303
17167.000,1030020.000,9.191
17168.000,1030080.000,9.553
17169.000,1030140.000,9.530
17170.000,1030200.000,9.606
17171.000,1030260.000,9.950
17172.000,1030320.000,9.463
17173.000,1030380.000,9.843
17174.000,1030440.000,9.100
17175.000,1030500.000,9.456
17176.000,1030560.000,9.659
17177.000,1030620.000,9.768
17178.000,1030680.000,9.868
17179.000,1030740.000,9.814
17180.000,1030800.000,9.522
17181.000,1030860.000,9.774
17182.000,1030920.000,9.703
17183.000,1030980.000,9.373
17184.000,1031040.000,9.371
17185.000,1031100.000,9.199
17186.000,1031160.000,9.855
17187.000,1031220.000,9.987
17188.000,1031280.000,9.686
17189.000,1031340.000,9.101
17190.000,1031400.000,9.251
17191.000,1031460.000,9.625
17192.000,1031520.000,9.901
17193.000,1031580.000,9.220
17194.000,1031640.000,9.457
17195.000,1031700.000,9.830
17196.000,1031760.000,9.819
17197.000,1031820.000,9.737
17198.000,1031880.000,9.284
17199.000,1031940.000,9.203
17200.000,1032000.000,9.557
17201.000,1032060.000,9.138
17202.000,1032120.000,9.103
17203.000,1032180.000,9.289
17204.000,1032240.000,9.387
17205.000,1032300.000,9.013
17206.000,1032360.000,9.549
17207.000,1032420.000,9.484
17208.000,1032480.000,9.941
17209.000,1032540.000,9.966
17210.000,1032600.000,9.160
17211.000,1032660.000,9.341
17212.000,1032720.000,9.796
17213.000,1032780.000,9.506
17214.000,1032840.000,9.400
17215.000,1032900.000,9.224
17216.000,1032960.000,9.393
17217.000,1033020.000,9.655
17218.000,1033080.000,9.986
17219.000,1033140.000,9.396
17220.000,1033200.000,9.700
17221.000,1033260.000,9.480
17222.000,1033320.000,9.357
17223.000,1033380.000,9.885
17224.000,1033440.000,9.355
17225.000,1033500.000,9.950
17226.000,1033560.000,9.671
17227.000,1033620.000,9.330
17228.000,1033680.000,9.489
17229.000,1033740.000,9.203
17230.000,1033800.000,9.009
17231.000,1033860.000,9.238
17232.000,1033920.000,9.920
17233.000,1033980.000,9.120
17234.000,1034040.000,9.728
17235.000,1034100.000,9.687
17236.000,1034160.000,9.520
17237.000,1034220.000,9.171
17238.000,1034280.000,9.657
17239.000,1034340.000,9.845
17240.000,1034400.000,9.839
17241.000,1034460.000,9.301
17242.000,1034520.000,9.276
17243.000,1034580.000,9.128
17244.000,1034640.000,9.911
17245.000,1034700.000,9.617
17246.000,1034760.000,9.408
17247.000,1034820.000,9.849
17248.000,1034880.000,9.631
17249.000,1034940.000,9.008
17250.000,1035000.000,9.708
17251.000,1035060.000,9.371
17252.000,1035120.000,9.984
17253.000,1035180.000,9.476
17254.000,1035240.000,9.084
17255.000,1035300.000,9.508
17256.000,1035360.000,9.785
17257.000,1035420.000,9.188
17258.000,1035480.000,9.524
17259.000,1035540.000,9.331
17260.000,1035600.000,9.740
17261.000,1035660.000,9.698
17262.000,1035720.000,9.459
17263.000,1035780.000,9.434
17264.000,1035840.000,9.702
17265.000,1035900.000,9.705
17266.000,1035960.000,9.840
17267.000,1036020.000,9.273
17268.000,1036080.000,9.246
17269.000,1036140.000,9.440
17270.000,1036200.000,9.621
17271.000,1036260.000,9.080
17272.000,1036320.000,9.251
17273.000,1036380.000,9.548
17274.000,1036440.000,9.517
17275.000,1036500.000,9.417
17276.000,1036560.000,9.635
17277.000,1036620.000,9.629
17278.000,1036680.000,9.052
17279.000,1036740.000,9.103
17280.000,1036800.000,9.247
17281.000,1036860.000,9.545
17282.000,1036920.000,9.892
17283.000,1036980.000,9.602
17284.000,1037040.000,9.796
17285.000,1037100.000,9.483
17286.000,1037160.000,9.589
17287.000,1037220.000,9.848
17288.000,1037280.000,9.411
17289.000,1037340.000,9.593
17290.000,1037400.000,9.080
17291.000,1037460.000,9.898
17292.000,1037520.000,9.262
17293.000,1037580.000,9.440
17294.000,1037640.000,9.847
17295.000,1037700.000,9.566
17296.000,1037760.000,9.110
17297.000,1037820.000,9.354
17298.000,1037880.000,9.861
17299.000,1037940.000,9.761
17300.000,1038000.000,9.871
17301.000,1038060.000,9.132
17302.000,1038120.000,9.604
17303.000,1038180.000,9.799
17304.000,1038240.000,9.583
17305.000,1038300.000,9.436
17306.000,1038360.000,9.033
17307.000,1038420.000,9.410
17308.000,1038480.000,9.734
17309.000,1038540.000,9.684
17310.000,1038600.000,9.371
17311.000,1038660.000,9.590
17312.000,1038720.000,9.532
17313.000,1038780.000,9.167
17314.000,1038840.000,9.003
17315.000,1038900.000,9.632
17316.000,1038960.000,9.699
17317.000,1039020.000,9.267
17318.000,1039080.000,9.894
17319.000,1039140.000,9.237
17320.000,1039200.000,9.386
17321.000,1039260.000,9.094
17322.000,1039320.000,9.425
17323.000,1039380.000,9.561
17324.000,1039440.000,9.287
17325.000,1039500.000,9.135
17326.000,1039560.000,9.379
17327.000,1039620.000,9.626
17328.000,1039680.000,9.178
17329.000,1039740.000,9.090
17330.000,1039800.000,9.900
17331.000,1039860.000,9.218
17332.000,1039920.000,9.466
17333.000,1039980.000,9.753
17334.000,1040040.000,9.376
17335.000,1040100.000,9.827
17336.000,1040160.000,9.877
17337.000,1040220.000,9.352
17338.000,1040280.000,9.207
17339.000,1040340.000,9.294
17340.000,1040400.000,9.571
17341.000,1040460.000,9.336
17342.000,1040520.000,9.247
17343.000,1040580.000,9.124
17344.000,1040640.000,9.392
17345.000,1040700.000,9.505
17346.000,1040760.000,9.771
17347.000,1040820.000,9.114
17348.000,1040880.000,9.774
17349.000,1040940.000,9.506
17350.000,1041000.000,9.993
17351.000,1041060.000,9.039
17352.000,1041120.000,9.811
17353.000,1041180.000,9.720
17354.000,1041240.000,9.748
17355.000,1041300.000,9.891
17356.000,1041360.000,9.900
17357.000,1041420.000,9.904
17358.000,1041480.000,9.298
17359.000,1041540.000,9.516
17360.000,1041600.000,9.257
17361.000,1041660.000,9.324
17362.000,1041720.000,9.985
17363.000,1041780.000,9.565
17364.000,1041840.000,9.281
17365.000,1041900.000,9.086
17366.000,1041960.000,9.149
17367.000,1042020.000,9.958
17368.000,1042080.000,9.240
17369.000,1042140.000,9.602
17370.000,1042200.000,9.520
17371.000,1042260.000,9.874
17372.000,1042320.000,9.494
17373.000,1042380.000,9.192
17374.000,1042440.000,9.625
17375.000,1042500.000,9.841
17376.000,1042560.000,9.099
17377.000,1042620.000,9.817
17378.000,1042680.000,9.880
17379.000,1042740.000,9.588
17380.000,1042800.000,9.573
17381.000,1042860.000,9.519
17382.000,1042920.000,9.825
17383.000,1042980.000,9.287
17384.000,1043040.000,9.170
17385.000,1043100.000,9.229
17386.000,1043160.000,9.669
17387.000,1043220.000,9.263
17388.000,1043280.000,9.208
17389.000,1043340.000,9.031
17390.000,1043400.000,9.427
17391.000,1043460.000,9.950
17392.000,1043520.000,9.989
17393.000,1043580.000,9.148
17394.000,1043640.000,9.426
17395.000,1043700.000,9.902
17396.000,1043760.000,9.737
17397.000,1043820.000,9.367
17398.000,1043880.000,9.251
17399.000,1043940.000,9.305
17400.000,1044000.000,9.823
17401.000,1044060.000,9.962
17402.000,1044120.000,9.260
17403.000,1044180.000,9.735
17404.000,1044240.000,9.878
17405.000,1044300.000,9.733
17406.000,1044360.000,9.502
17407.000,1044420.000,9.519
17408.000,1044480.000,9.447
17409.000,1044540.000,9.947
17410.000,1044600.000,9.444
17411.000,1044660.000,9.176
17412.000,1044720.000,9.812
17413.000,1044780.000,9.291
17414.000,1044840.000,9.895
17415.000,1044900.000,9.313
17416.000,1044960.000,9.390
17417.000,1045020.000,9.043
17418.000,1045080.000,9.055
17419.000,1045140.000,9.300
17420.000,1045200.000,9.976
17421.000,1045260.000,9.209
17422.000,1045320.000,9.425
17423.000,1045380.000,9.572
17424.000,1045440.000,9.185
17425.000,1045500.000,9.434
17426.000,1045560.000,9.342
17427.000,1045620.000,9.093
17428.000,1045680.000,9.147
17429.000,1045740.000,9.352
17430.000,1045800.000,9.970
17431.000,1045860.000,9.670
17432.000,1045920.000,9.072
17433.000,1045980.000,9.559
17434.000,1046040.000,9.867
17435.000,1046100.000,9.221
17436.000,1046160.000,9.588
17437.000,1046220.000,9.446
17438.000,1046280.000,9.807
17439.000,1046340.000,9.886
17440.000,1046400.000,9.022
17441.000,1046460.000,9.430
17442.000,1046520.000,9.212
17443.000,1046580.000,9.517
17444.000,1046640.000,9.902
17445.000,1046700.000,9.197
17446.000,1046760.000,9.803
17447.000,1046820.000,9.327
17448.000,1046880.000,9.034
17449.000,1046940.000,9.987
17450.000,1047000.000,9.057
17451.000,1047060.000,9.471
17452.000,1047120.000,9.001
17453.000,1047180.000,9.153
17454.000,1047240.000,9.219
17455.000,1047300.000,9.310
17456.000,1047360.000,9.898
17457.000,1047420.000,9.167
17458.000,1047480.000,9.831
17459.000,1047540.000,9.243
17460.000,1047600.000,9.326
17461.000,1047660.000,9.725
17462.000,1047720.000,9.564
17463.000,1047780.000,9.718
17464.000,1047840.000,9.237
17465.000,1047900.000,9.234
17466.000,1047960.000,9.454
17467.000,1048020.000,9.394
17468.000,1048080.000,9.313
17469.000,1048140.000,9.916
17470.000,1048200.000,9.355
17471.000,1048260.000,9.396
17472.000,1048320.000,9.524
17473.000,1048380.000,9.457
17474.000,1048440.000,9.958
17475.000,1048500.000,9.994
17476.000,1048560.000,9.374
17477.000,1048620.000,9.514
17478.000,1048680.000,9.672
17479.000,1048740.000,9.874
17480.000,1048800.000,9.484
17481.000,1048860.000,9.135
17482.000,1048920.000,9.918
17483.000,1048980.000,9.649
17484.000,1049040.000,9.119
17485.000,1049100.000,9.240
17486.000,1049160.000,9.216
17487.000,1049220.000,9.364
17488.000,1049280.000,9.685
17489.000,1049340.000,9.802
17490.000,1049400.000,9.909
17491.000,1049460.000,9.738
17492.000,1049520.000,9.429
17493.000,1049580.000,9.276
17494.000,1049640.000,9.009
17495.000,1049700.000,9.976
17496.000,1049760.000,9.502
17497.000,1049820.000,9.569
17498.000,1049880.000,9.390
17499.000,1049940.000,9.177
17500.000,1050000.000,9.629
17501.000,1050060.000,9.588
17502.000,1050120.000,9.415
17503.000,1050180.000,9.942
17504.000,1050240.000,9.829
17505.000,1050300.000,9.809
17506.000,1050360.000,9.941
17507.000,1050420.000,9.550
17508.000,1050480.000,9.246
17509.000,1050540.000,9.889
17510.000,1050600.000,9.101
17511.000,1050660.000,9.886
17512.000,1050720.000,9.627
17513.000,1050780.000,9.841
17514.000,1050840.000,9.293
17515.000,1050900.000,9.413
17516.000,1050960.000,9.993
17517.000,1051020.000,9.890
17518.000,1051080.000,9.386
17519.000,1051140.000,9.191
17520.000,1051200.000,9.637
17521.000,1051260.000,9.353
17522.000,1051320.000,9.991
17523.000,1051380.000,9.876
17524.000,1051440.000,9.120
17525.000,1051500.000,9.207
17526.000,1051560.000,9.153
17527.000,1051620.000,9.748
17528.000,1051680.000,9.577
17529.000,1051740.000,9.660
17530.000,1051800.000,9.843
17531.000,1051860.000,9.928
17532.000,1051920.000,9.672
17533.000,1051980.000,9.605
17534.000,1052040.000,9.817
17535.000,1052100.000,9.631
17536.000,1052160.000,9.242
17537.000,1052220.000,9.055
17538.000,1052280.000,9.674
17539.000,1052340.000,9.157
17540.000,1052400.000,9.586
17541.000,1052460.000,9.051
17542.000,1052520.000,9.666
17543.000,1052580.000,9.383
17544.000,1052640.000,9.688
17545.000,1052700.000,9.831
17546.000,1052760.000,9.610
17547.000,1052820.000,9.069
17548.000,1052880.000,9.301
17549.000,1052940.000,9.318
17550.000,1053000.000,9.194
17551.000,1053060.000,9.607
17552.000,1053120.000,9.382
17553.000,1053180.000,9.587
17554.000,1053240.000,9.981
17555.000,1053300.000,9.973
17556.000,1053360.000,9.061
17557.000,1053420.000,9.687
17558.000,1053480.000,9.064
17559.000,1053540.000,9.718
17560.000,1053600.000,9.973
17561.000,1053660.000,9.854
17562.000,1053720.000,9.315
17563.000,1053780.000,9.637
17564.000,1053840.000,9.153
17565.000,1053900.000,9.426
17566.000,1053960.000,9.089
17567.000,1054020.000,9.975
17568.000,1054080.000,9.563
17569.000,1054140.000,9.589
17570.000,1054200.000,9.144
17571.000,1054260.000,9.851
17572.000,1054320.000,9.258
17573.000,1054380.000,9.150
17574.000,1054440.000,9.926
17575.000,1054500.000,9.588
17576.000,1054560.000,9.776
17577.000,1054620.000,9.880
17578.000,1054680.000,9.838
17579.000,1054740.000,9.483
17580.000,1054800.000,9.063
17581.000,1054860.000,9.966
17582.000,1054920.000,9.242
17583.000,1054980.000,9.497
17584.000,1055040.000,9.230
17585.000,1055100.000,9.268
17586.000,1055160.000,9.214
17587.000,1055220.000,9.561
17588.000,1055280.000,9.659
17589.000,1055340.000,9.466
17590.000,1055400.000,9.757
17591.000,1055460.000,9.933
17592.000,1055520.000,9.491
17593.000,1055580.000,9.506
17594.000,1055640.000,9.701
17595.000,1055700.000,9.499
17596.000,1055760.000,9.808
17597.000,1055820.000,9.125
17598.000,1055880.000,9.669
17599.000,1055940.000,9.760
17600.000,1056000.000,9.738
17601.000,1056060.000,9.675
17602.000,1056120.000,9.941
17603.000,1056180.000,9.372
17604.000,1056240.000,9.975
17605.000,1056300.000,9.850
17606.000,1056360.000,9.573
17607.000,1056420.000,9.260
17608.000,1056480.000,9.040
17609.000,1056540.000,9.495
17610.000,1056600.000,9.330
17611.000,1056660.000,9.539
17612.000,1056720.000,9.581
17613.000,1056780.000,9.505
17614.000,1056840.000,9.822
17615.000,1056900.000,9.745
17616.000,1056960.000,9.269
17617.000,1057020.000,9.036
17618.000,1057080.000,9.408
17619.000,1057140.000,9.080
17620.000,1057200.000,9.769
17621.000,1057260.000,9.182
17622.000,1057320.000,9.086
17623.000,1057380.000,9.025
17624.000,1057440.000,9.184
17625.000,1057500.000,9.966
17626.000,1057560.000,9.620
17627.000,1057620.000,9.845
17628.000,1057680.000,9.624
17629.000,1057740.000,9.445
17630.000,1057800.000,9.350
17631.000,1057860.000,9.389
17632.000,1057920.000,9.881
17633.000,1057980.000,9.910
17634.000,1058040.000,9.070
17635.000,1058100.000,9.689
17636.000,1058160.000,9.908
17637.000,1058220.000,9.406
17638.000,1058280.000,9.770
17639.000,1058340.000,9.797
17640.000,1058400.000,9.458
17641.000,1058460.000,9.839
17642.000,1058520.000,9.070
17643.000,1058580.000,9.922
17644.000,1058640.000,9.590
17645.000,1058700.000,9.839
17646.000,1058760.000,9.074
17647.000,1058820.000,9.854
17648.000,1058880.000,9.721
17649.000,1058940.000,9.058
17650.000,1059000.000,9.970
17651.000,1059060.000,9.769
17652.000,1059120.000,9.861
17653.000,1059180.000,9.109
17654.000,1059240.000,9.720
17655.000,1059300.000,9.703
17656.000,1059360.000,9.693
17657.000,1059420.000,9.179
17658.000,1059480.000,9.333
17659.000,1059540.000,9.032
17660.000,1059600.000,9.831
17661.000,1059660.000,9.024
17662.000,1059720.000,9.069
17663.000,1059780.000,9.076
17664.000,1059840.000,9.444
17665.000,1059900.000,9.288
17666.000,1059960.000,9.688
17667.000,1060020.000,9.023
17668.000,1060080.000,9.142
17669.000,1060140.000,9.604
17670.000,1060200.000,9.575
17671.000,1060260.000,9.035
17672.000,1060320.000,9.261
17673.000,1060380.000,9.104
17674.000,1060440.000,9.940
17675.000,1060500.000,9.256
17676.000,1060560.000,9.186
17677.000,1060620.000,9.185
17678.000,1060680.000,9.868
17679.000,1060740.000,9.108
17680.000,1060800.000,9.836
17681.000,1060860.000,9.295
17682.000,1060920.000,9.625
17683.000,1060980.000,9.617
17684.000,1061040.000,9.525
17685.000,1061100.000,9.200
17686.000,1061160.000,9.378
17687.000,1061220.000,9.075
17688.000,1061280.000,9.795
17689.000,1061340.000,10.000
17690.000,1061400.000,9.640
17691.000,1061460.000,9.729
17692.000,1061520.000,9.140
17693.000,1061580.000,9.398
17694.000,1061640.000,9.103
17695.000,1061700.000,9.553
17696.000,1061760.000,9.816
17697.000,1061820.000,9.428
17698.000,1061880.000,9.279
17699.000,1061940.000,9.602
17700.000,1062000.000,9.479
17701.000,1062060.000,9.170
17702.000,1062120.000,9.352
17703.000,1062180.000,9.858
17704.000,1062240.000,9.538
17705.000,1062300.000,9.417
17706.000,1062360.000,9.960
17707.000,1062420.000,9.679
17708.000,1062480.000,9.565
17709.000,1062540.000,9.829
17710.000,1062600.000,9.757
17711.000,1062660.000,9.781
17712.000,1062720.000,9.114
17713.000,1062780.000,9.322
17714.000,1062840.000,9.446
17715.000,1062900.000,9.144
17716.000,1062960.000,9.227
17717.000,1063020.000,9.306
17718.000,1063080.000,9.388
17719.000,1063140.000,9.095
17720.000,1063200.000,9.444
17721.000,1063260.000,9.103
17722.000,1063320.000,9.192
17723.000,1063380.000,9.409
17724.000,1063440.000,9.037
17725.000,1063500.000,9.189
17726.000,1063560.000,9.610
17727.000,1063620.000,9.364
17728.000,1063680.000,9.394
17729.000,1063740.000,9.773
17730.000,1063800.000,9.133
17731.000,1063860.000,9.569
17732.000,1063920.000,9.157
17733.000,1063980.000,9.181
17734.000,1064040.000,9.139
17735.000,1064100.000,9.270
17736.000,1064160.000,9.810
17737.000,1064220.000,9.048
17738.000,1064280.000,9.603
17739.000,1064340.000,9.169
17740.000,1064400.000,9.305
17741.000,1064460.000,9.392
17742.000,1064520.000,9.530
17743.000,1064580.000,9.981
17744.000,1064640.000,9.109
17745.000,1064700.000,9.982
17746.000,1064760.000,9.330
17747.000,1064820.000,9.570
17748.000,1064880.000,9.525
17749.000,1064940.000,9.073
17750.000,1065000.000,9.078
17751.000,1065060.000,9.668
17752.000,1065120.000,9.990
17753.000,1065180.000,9.525
17754.000,1065240.000,9.479
17755.000,1065300.000,9.248
17756.000,1065360.000,9.764
17757.000,1065420.000,9.930
17758.000,1065480.000,9.092
17759.000,1065540.000,9.991
17760.000,1065600.000,9.791
17761.000,1065660.000,9.367
17762.000,1065720.000,9.518
17763.000,1065780.000,9.063
17764.000,1065840.000,9.816
17765.000,1065900.000,9.879
17766.000,1065960.000,9.496
17767.000,1066020.000,9.046
17768.000,1066080.000,9.066
17769.000,1066140.000,9.332
17770.000,1066200.000,9.411
17771.000,1066260.000,9.969
17772.000,1066320.000,9.390
17773.000,1066380.000,9.711
17774.000,1066440.000,9.789
17775.000,1066500.000,9.978
17776.000,1066560.000,9.156
17777.000,1066620.000,9.053
17778.000,1066680.000,9.865
17779.000,1066740.000,9.309
17780.000,1066800.000,9.013
17781.000,1066860.000,9.830
17782.000,1066920.000,9.856
17783.000,1066980.000,9.668
17784.000,1067040.000,9.371
17785.000,1067100.000,9.046
17786.000,1067160.000,9.229
17787.000,1067220.000,9.608
17788.000,1067280.000,9.746
17789.000,1067340.000,9.680
17790.000,1067400.000,9.543
17791.000,1067460.000,9.585
17792.000,1067520.000,9.040
17793.000,1067580.000,9.907
17794.000,1067640.000,9.793
17795.000,1067700.000,9.485
17796.000,1067760.000,9.375
17797.000,1067820.000,9.219
17798.000,1067880.000,9.805
17799.000,1067940.000,9.217
17800.000,1068000.000,9.254
17801.000,1068060.000,9.659
17802.000,1068120.000,9.717
17803.000,1068180.000,9.556
17804.000,1068240.000,9.836
17805.000,1068300.000,9.422
17806.000,1068360.000,9.080
17807.000,1068420.000,9.816
17808.000,1068480.000,9.249
17809.000,1068540.000,9.018
17810.000,1068600.000,9.218
17811.000,1068660.000,9.083
17812.000,1068720.000,9.584
17813.000,1068780.000,9.126
17814.000,1068840.000,9.427
17815.000,1068900.000,9.981
17816.000,1068960.000,9.057
17817.000,1069020.000,9.633
17818.000,1069080.000,9.112
17819.000,1069140.000,9.908
17820.000,1069200.000,9.584
17821.000,1069260.000,9.471
17822.000,1069320.000,9.987
17823.000,1069380.000,9.510
17824.000,1069440.000,9.150
17825.000,1069500.000,9.213
17826.000,1069560.000,9.573
17827.000,1069620.000,9.106
17828.000,1069680.000,9.946
17829.000,1069740.000,9.313
17830.000,1069800.000,9.381
17831.000,1069860.000,9.086
17832.000,1069920.000,9.334
17833.000,1069980.000,9.613
17834.000,1070040.000,9.254
17835.000,1070100.000,9.773
17836.000,1070160.000,9.855
17837.000,1070220.000,9.961
17838.000,1070280.000,9.848
17839.000,1070340.000,9.170
17840.000,1070400.000,9.542
17841.000,1070460.000,9.230
17842.000,1070520.000,9.250
17843.000,1070580.000,9.390
17844.000,1070640.000,9.276
17845.000,1070700.000,9.549
17846.000,1070760.000,9.719
17847.000,1070820.000,9.279
17848.000,1070880.000,9.516
17849.000,1070940.000,9.529
17850.000,1071000.000,9.559
17851.000,1071060.000,9.224
17852.000,1071120.000,9.214
17853.000,1071180.000,9.615
17854.000,1071240.000,9.144
17855.000,1071300.000,9.434
17856.000,1071360.000,9.175
17857.000,1071420.000,9.003
17858.000,1071480.000,9.071
17859.000,1071540.000,9.235
17860.000,1071600.000,9.518
17861.000,1071660.000,9.106
17862.000,1071720.000,9.608
17863.000,1071780.000,9.930
17864.000,1071840.000,9.837
17865.000,1071900.000,9.545
17866.000,1071960.000,9.575
17867.000,1072020.000,9.953
17868.000,1072080.000,9.790
17869.000,1072140.000,9.458
17870.000,1072200.000,9.375
17871.000,1072260.000,9.072
17872.000,1072320.000,9.331
17873.000,1072380.000,9.125
17874.000,1072440.000,9.391
17875.000,1072500.000,9.121
17876.000,1072560.000,9.099
17877.000,1072620.000,9.081
17878.000,1072680.000,9.628
17879.000,1072740.000,9.922
17880.000,1072800.000,9.560
17881.000,1072860.000,9.921
17882.000,1072920.000,9.357
17883.000,1072980.000,9.581
17884.000,1073040.000,9.753
17885.000,1073100.000,9.210
17886.000,1073160.000,9.199
17887.000,1073220.000,9.994
17888.000,1073280.000,9.258
17889.000,1073340.000,9.238
17890.000,1073400.000,9.885
17891.000,1073460.000,9.113
17892.000,1073520.000,9.068
17893.000,1073580.000,9.714
17894.000,1073640.000,9.537
17895.000,1073700.000,9.555
17896.000,1073760.000,9.154
17897.000,1073820.000,9.081
17898.000,1073880.000,9.549
17899.000,1073940.000,9.946
17900.000,1074000.000,9.299
17901.000,1074060.000,9.385
17902.000,1074120.000,9.698
17903.000,1074180.000,9.377
17904.000,1074240.000,9.346
17905.000,1074300.000,9.533
17906.000,1074360.000,9.958
17907.000,1074420.000,9.302
17908.000,1074480.000,9.459
17909.000,1074540.000,9.740
17910.000,1074600.000,9.914
17911.000,1074660.000,9.502
17912.000,1074720.000,9.735
17913.000,1074780.000,9.887
17914.000,1074840.000,9.596
17915.000,1074900.000,9.569
17916.000,1074960.000,9.893
17917.000,1075020.000,9.866
17918.000,1075080.000,9.775
17919.000,1075140.000,9.287
17920.000,1075200.000,9.915
17921.000,1075260.000,9.294
17922.000,1075320.000,9.202
17923.000,1075380.000,9.410
17924.000,1075440.000,9.176
17925.000,1075500.000,9.781
17926.000,1075560.000,9.924
17927.000,1075620.000,9.004
17928.000,1075680.000,9.533
17929.000,1075740.000,9.975
17930.000,1075800.000,9.832
17931.000,1075860.000,9.650
17932.000,1075920.000,9.827
17933.000,1075980.000,9.310
17934.000,1076040.000,9.683
17935.000,1076100.000,9.005
17936.000,1076160.000,9.173
17937.000,1076220.000,9.519
17938.000,1076280.000,9.766
17939.000,1076340.000,9.135
17940.000,1076400.000,9.747
17941.000,1076460.000,9.545
17942.000,1076520.000,9.144
17943.000,1076580.000,9.289
17944.000,1076640.000,9.037
17945.000,1076700.000,9.077
17946.000,1076760.000,9.434
17947.000,1076820.000,9.239
17948.000,1076880.000,9.705
17949.000,1076940.000,9.710
17950.000,1077000.000,9.664
17951.000,1077060.000,9.079
17952.000,1077120.000,9.685
17953.000,1077180.000,9.235
17954.000,1077240.000,9.315
17955.000,1077300.000,9.809
17956.000,1077360.000,9.066
17957.000,1077420.000,9.189
17958.000,1077480.000,9.430
17959.000,1077540.000,9.400
17960.000,1077600.000,9.448
17961.000,1077660.000,9.514
17962.000,1077720.000,9.127
17963.000,1077780.000,9.514
17964.000,1077840.000,9.778
17965.000,1077900.000,9.314
17966.000,1077960.000,9.751
17967.000,1078020.000,9.751
17968.000,1078080.000,9.521
17969.000,1078140.000,9.823
17970.000,1078200.000,9.090
17971.000,1078260.000,9.303
17972.000,1078320.000,9.963
17973.000,1078380.000,9.163
17974.000,1078440.000,9.100
17975.000,1078500.000,9.526
17976.000,1078560.000,9.230
17977.000,1078620.000,9.161
17978.000,1078680.000,9.129
17979.000,1078740.000,9.030
17980.000,1078800.000,9.999
17981.000,1078860.000,9.090
17982.000,1078920.000,9.298
17983.000,1078980.000,9.500
17984.000,1079040.000,9.659
17985.000,1079100.000,9.011
17986.000,1079160.000,9.883
17987.000,1079220.000,9.713
17988.000,1079280.000,9.494
17989.000,1079340.000,9.867
17990.000,1079400.000,9.014
17991.000,1079460.000,9.948
17992.000,1079520.000,9.354
17993.000,1079580.000,9.744
17994.000,1079640.000,9.343
17995.000,1079700.000,9.370
17996.000,1079760.000,9.712
17997.000,1079820.000,9.400
17998.000,1079880.000,9.903
17999.000,1079940.000,9.920
18000.000,1080000.000,9.602
